location,forecast_date,target,target_end_date,type,quantile,value
25,2021-04-19,1 day ahead inc hosp,2021-04-20,quantile,0.01,63.12608591700445
25,2021-04-19,1 day ahead inc hosp,2021-04-20,quantile,0.025,65.63137936307636
25,2021-04-19,1 day ahead inc hosp,2021-04-20,quantile,0.05,68.68246578171645
25,2021-04-19,1 day ahead inc hosp,2021-04-20,quantile,0.1,71.56319624136813
25,2021-04-19,1 day ahead inc hosp,2021-04-20,quantile,0.15,74.35142267575087
25,2021-04-19,1 day ahead inc hosp,2021-04-20,quantile,0.2,76.3617853687762
25,2021-04-19,1 day ahead inc hosp,2021-04-20,quantile,0.25,78.59842677260274
25,2021-04-19,1 day ahead inc hosp,2021-04-20,quantile,0.3,80.58361199075891
25,2021-04-19,1 day ahead inc hosp,2021-04-20,quantile,0.35,82.2085108847157
25,2021-04-19,1 day ahead inc hosp,2021-04-20,quantile,0.4,83.81077636960413
25,2021-04-19,1 day ahead inc hosp,2021-04-20,quantile,0.45,85.27118381113219
25,2021-04-19,1 day ahead inc hosp,2021-04-20,quantile,0.5,87.54732067607878
25,2021-04-19,1 day ahead inc hosp,2021-04-20,quantile,0.55,89.3444844129237
25,2021-04-19,1 day ahead inc hosp,2021-04-20,quantile,0.6,91.26721579418093
25,2021-04-19,1 day ahead inc hosp,2021-04-20,quantile,0.65,92.76648934850363
25,2021-04-19,1 day ahead inc hosp,2021-04-20,quantile,0.7,94.51253501698712
25,2021-04-19,1 day ahead inc hosp,2021-04-20,quantile,0.75,96.78723484588392
25,2021-04-19,1 day ahead inc hosp,2021-04-20,quantile,0.8,99.68013162405707
25,2021-04-19,1 day ahead inc hosp,2021-04-20,quantile,0.85,102.26207713063332
25,2021-04-19,1 day ahead inc hosp,2021-04-20,quantile,0.9,106.320046261946
25,2021-04-19,1 day ahead inc hosp,2021-04-20,quantile,0.95,111.91171590246326
25,2021-04-19,1 day ahead inc hosp,2021-04-20,quantile,0.975,118.34309820131433
25,2021-04-19,1 day ahead inc hosp,2021-04-20,quantile,0.99,127.40680903355461
25,2021-04-19,2 day ahead inc hosp,2021-04-21,quantile,0.01,62.00195487177528
25,2021-04-19,2 day ahead inc hosp,2021-04-21,quantile,0.025,67.11343280708435
25,2021-04-19,2 day ahead inc hosp,2021-04-21,quantile,0.05,69.53848969941173
25,2021-04-19,2 day ahead inc hosp,2021-04-21,quantile,0.1,75.40322687821683
25,2021-04-19,2 day ahead inc hosp,2021-04-21,quantile,0.15,78.22787125107456
25,2021-04-19,2 day ahead inc hosp,2021-04-21,quantile,0.2,80.74119004333566
25,2021-04-19,2 day ahead inc hosp,2021-04-21,quantile,0.25,83.08601928813286
25,2021-04-19,2 day ahead inc hosp,2021-04-21,quantile,0.3,84.99508147294519
25,2021-04-19,2 day ahead inc hosp,2021-04-21,quantile,0.35,86.8978735674313
25,2021-04-19,2 day ahead inc hosp,2021-04-21,quantile,0.4,88.81173702500227
25,2021-04-19,2 day ahead inc hosp,2021-04-21,quantile,0.45,90.54680898766262
25,2021-04-19,2 day ahead inc hosp,2021-04-21,quantile,0.5,92.04030761719615
25,2021-04-19,2 day ahead inc hosp,2021-04-21,quantile,0.55,93.65813845085799
25,2021-04-19,2 day ahead inc hosp,2021-04-21,quantile,0.6,95.27945963316414
25,2021-04-19,2 day ahead inc hosp,2021-04-21,quantile,0.65,96.85801558492078
25,2021-04-19,2 day ahead inc hosp,2021-04-21,quantile,0.7,98.96584269930707
25,2021-04-19,2 day ahead inc hosp,2021-04-21,quantile,0.75,101.66692694316359
25,2021-04-19,2 day ahead inc hosp,2021-04-21,quantile,0.8,104.75529612020534
25,2021-04-19,2 day ahead inc hosp,2021-04-21,quantile,0.85,107.89417402624566
25,2021-04-19,2 day ahead inc hosp,2021-04-21,quantile,0.9,110.86528334871363
25,2021-04-19,2 day ahead inc hosp,2021-04-21,quantile,0.95,117.79260353839248
25,2021-04-19,2 day ahead inc hosp,2021-04-21,quantile,0.975,123.33163305468483
25,2021-04-19,2 day ahead inc hosp,2021-04-21,quantile,0.99,128.76299359112892
25,2021-04-19,3 day ahead inc hosp,2021-04-22,quantile,0.01,64.79990801930201
25,2021-04-19,3 day ahead inc hosp,2021-04-22,quantile,0.025,69.09128497318653
25,2021-04-19,3 day ahead inc hosp,2021-04-22,quantile,0.05,72.38416665443187
25,2021-04-19,3 day ahead inc hosp,2021-04-22,quantile,0.1,77.30834743360175
25,2021-04-19,3 day ahead inc hosp,2021-04-22,quantile,0.15,80.2208615213613
25,2021-04-19,3 day ahead inc hosp,2021-04-22,quantile,0.2,83.3699686116648
25,2021-04-19,3 day ahead inc hosp,2021-04-22,quantile,0.25,85.50217403344391
25,2021-04-19,3 day ahead inc hosp,2021-04-22,quantile,0.3,87.47191166055065
25,2021-04-19,3 day ahead inc hosp,2021-04-22,quantile,0.35,89.47648681060699
25,2021-04-19,3 day ahead inc hosp,2021-04-22,quantile,0.4,91.66629644529651
25,2021-04-19,3 day ahead inc hosp,2021-04-22,quantile,0.45,93.36766447995764
25,2021-04-19,3 day ahead inc hosp,2021-04-22,quantile,0.5,95.0360566028895
25,2021-04-19,3 day ahead inc hosp,2021-04-22,quantile,0.55,97.02663546046571
25,2021-04-19,3 day ahead inc hosp,2021-04-22,quantile,0.6,99.08664741465583
25,2021-04-19,3 day ahead inc hosp,2021-04-22,quantile,0.65,100.87210360771483
25,2021-04-19,3 day ahead inc hosp,2021-04-22,quantile,0.7,103.18627925306637
25,2021-04-19,3 day ahead inc hosp,2021-04-22,quantile,0.75,105.74538725605008
25,2021-04-19,3 day ahead inc hosp,2021-04-22,quantile,0.8,108.37939732951277
25,2021-04-19,3 day ahead inc hosp,2021-04-22,quantile,0.85,111.69086792117484
25,2021-04-19,3 day ahead inc hosp,2021-04-22,quantile,0.9,116.71906297715958
25,2021-04-19,3 day ahead inc hosp,2021-04-22,quantile,0.95,123.20360754709905
25,2021-04-19,3 day ahead inc hosp,2021-04-22,quantile,0.975,126.9947403600649
25,2021-04-19,3 day ahead inc hosp,2021-04-22,quantile,0.99,133.62436024294058
25,2021-04-19,4 day ahead inc hosp,2021-04-23,quantile,0.01,65.43149771195571
25,2021-04-19,4 day ahead inc hosp,2021-04-23,quantile,0.025,69.60733248222282
25,2021-04-19,4 day ahead inc hosp,2021-04-23,quantile,0.05,74.82874773611101
25,2021-04-19,4 day ahead inc hosp,2021-04-23,quantile,0.1,79.16166412695627
25,2021-04-19,4 day ahead inc hosp,2021-04-23,quantile,0.15,83.01778426760403
25,2021-04-19,4 day ahead inc hosp,2021-04-23,quantile,0.2,86.17843388526948
25,2021-04-19,4 day ahead inc hosp,2021-04-23,quantile,0.25,88.49375959856964
25,2021-04-19,4 day ahead inc hosp,2021-04-23,quantile,0.3,91.07555553160185
25,2021-04-19,4 day ahead inc hosp,2021-04-23,quantile,0.35,93.31595046931798
25,2021-04-19,4 day ahead inc hosp,2021-04-23,quantile,0.4,95.45655873851547
25,2021-04-19,4 day ahead inc hosp,2021-04-23,quantile,0.45,97.34438540521452
25,2021-04-19,4 day ahead inc hosp,2021-04-23,quantile,0.5,99.17580024347778
25,2021-04-19,4 day ahead inc hosp,2021-04-23,quantile,0.55,100.82751484105837
25,2021-04-19,4 day ahead inc hosp,2021-04-23,quantile,0.6,102.70221915788039
25,2021-04-19,4 day ahead inc hosp,2021-04-23,quantile,0.65,105.17508474869773
25,2021-04-19,4 day ahead inc hosp,2021-04-23,quantile,0.7,107.94952372591823
25,2021-04-19,4 day ahead inc hosp,2021-04-23,quantile,0.75,110.73025936614644
25,2021-04-19,4 day ahead inc hosp,2021-04-23,quantile,0.8,113.72228078632838
25,2021-04-19,4 day ahead inc hosp,2021-04-23,quantile,0.85,116.98469644557251
25,2021-04-19,4 day ahead inc hosp,2021-04-23,quantile,0.9,121.39673941224237
25,2021-04-19,4 day ahead inc hosp,2021-04-23,quantile,0.95,129.19786304781022
25,2021-04-19,4 day ahead inc hosp,2021-04-23,quantile,0.975,134.33070718807656
25,2021-04-19,4 day ahead inc hosp,2021-04-23,quantile,0.99,142.77265710912104
25,2021-04-19,5 day ahead inc hosp,2021-04-24,quantile,0.01,55.23235553236905
25,2021-04-19,5 day ahead inc hosp,2021-04-24,quantile,0.025,59.29124918887464
25,2021-04-19,5 day ahead inc hosp,2021-04-24,quantile,0.05,62.70009760467881
25,2021-04-19,5 day ahead inc hosp,2021-04-24,quantile,0.1,66.55016242043098
25,2021-04-19,5 day ahead inc hosp,2021-04-24,quantile,0.15,69.90424775479188
25,2021-04-19,5 day ahead inc hosp,2021-04-24,quantile,0.2,72.58896082236976
25,2021-04-19,5 day ahead inc hosp,2021-04-24,quantile,0.25,74.6879355054883
25,2021-04-19,5 day ahead inc hosp,2021-04-24,quantile,0.3,76.77622908775767
25,2021-04-19,5 day ahead inc hosp,2021-04-24,quantile,0.35,78.6200069476842
25,2021-04-19,5 day ahead inc hosp,2021-04-24,quantile,0.4,80.85604147333072
25,2021-04-19,5 day ahead inc hosp,2021-04-24,quantile,0.45,82.76350507686915
25,2021-04-19,5 day ahead inc hosp,2021-04-24,quantile,0.5,84.85488665621062
25,2021-04-19,5 day ahead inc hosp,2021-04-24,quantile,0.55,86.59459158567755
25,2021-04-19,5 day ahead inc hosp,2021-04-24,quantile,0.6,88.72409437344982
25,2021-04-19,5 day ahead inc hosp,2021-04-24,quantile,0.65,90.78932722666346
25,2021-04-19,5 day ahead inc hosp,2021-04-24,quantile,0.7,92.72906990642602
25,2021-04-19,5 day ahead inc hosp,2021-04-24,quantile,0.75,94.57134608935574
25,2021-04-19,5 day ahead inc hosp,2021-04-24,quantile,0.8,98.0579807683235
25,2021-04-19,5 day ahead inc hosp,2021-04-24,quantile,0.85,101.88495678041687
25,2021-04-19,5 day ahead inc hosp,2021-04-24,quantile,0.9,106.12495083689377
25,2021-04-19,5 day ahead inc hosp,2021-04-24,quantile,0.95,113.48118515386219
25,2021-04-19,5 day ahead inc hosp,2021-04-24,quantile,0.975,119.22069235042679
25,2021-04-19,5 day ahead inc hosp,2021-04-24,quantile,0.99,127.6245433795229
25,2021-04-19,6 day ahead inc hosp,2021-04-25,quantile,0.01,46.07934805214887
25,2021-04-19,6 day ahead inc hosp,2021-04-25,quantile,0.025,50.02010859013687
25,2021-04-19,6 day ahead inc hosp,2021-04-25,quantile,0.05,52.86497233287161
25,2021-04-19,6 day ahead inc hosp,2021-04-25,quantile,0.1,58.039098033237394
25,2021-04-19,6 day ahead inc hosp,2021-04-25,quantile,0.15,60.82193669788912
25,2021-04-19,6 day ahead inc hosp,2021-04-25,quantile,0.2,63.64753456215078
25,2021-04-19,6 day ahead inc hosp,2021-04-25,quantile,0.25,65.96155800594491
25,2021-04-19,6 day ahead inc hosp,2021-04-25,quantile,0.3,68.19955886691734
25,2021-04-19,6 day ahead inc hosp,2021-04-25,quantile,0.35,69.982327413372
25,2021-04-19,6 day ahead inc hosp,2021-04-25,quantile,0.4,71.89965167555731
25,2021-04-19,6 day ahead inc hosp,2021-04-25,quantile,0.45,73.77871222289058
25,2021-04-19,6 day ahead inc hosp,2021-04-25,quantile,0.5,75.26294965752506
25,2021-04-19,6 day ahead inc hosp,2021-04-25,quantile,0.55,77.15206349245129
25,2021-04-19,6 day ahead inc hosp,2021-04-25,quantile,0.6,79.57200264118559
25,2021-04-19,6 day ahead inc hosp,2021-04-25,quantile,0.65,81.48369258619252
25,2021-04-19,6 day ahead inc hosp,2021-04-25,quantile,0.7,83.34006226316272
25,2021-04-19,6 day ahead inc hosp,2021-04-25,quantile,0.75,85.85082677917998
25,2021-04-19,6 day ahead inc hosp,2021-04-25,quantile,0.8,88.23445088106905
25,2021-04-19,6 day ahead inc hosp,2021-04-25,quantile,0.85,90.84897205426668
25,2021-04-19,6 day ahead inc hosp,2021-04-25,quantile,0.9,95.29992677951171
25,2021-04-19,6 day ahead inc hosp,2021-04-25,quantile,0.95,101.19168230641864
25,2021-04-19,6 day ahead inc hosp,2021-04-25,quantile,0.975,107.0642581851252
25,2021-04-19,6 day ahead inc hosp,2021-04-25,quantile,0.99,114.0459086640639
25,2021-04-19,7 day ahead inc hosp,2021-04-26,quantile,0.01,45.58526055913643
25,2021-04-19,7 day ahead inc hosp,2021-04-26,quantile,0.025,49.66385121336542
25,2021-04-19,7 day ahead inc hosp,2021-04-26,quantile,0.05,52.84672559918039
25,2021-04-19,7 day ahead inc hosp,2021-04-26,quantile,0.1,57.88716621717306
25,2021-04-19,7 day ahead inc hosp,2021-04-26,quantile,0.15,60.57518406322449
25,2021-04-19,7 day ahead inc hosp,2021-04-26,quantile,0.2,63.822625368888545
25,2021-04-19,7 day ahead inc hosp,2021-04-26,quantile,0.25,65.89557675357005
25,2021-04-19,7 day ahead inc hosp,2021-04-26,quantile,0.3,67.98135334376394
25,2021-04-19,7 day ahead inc hosp,2021-04-26,quantile,0.35,69.97610003645045
25,2021-04-19,7 day ahead inc hosp,2021-04-26,quantile,0.4,71.96739553541065
25,2021-04-19,7 day ahead inc hosp,2021-04-26,quantile,0.45,74.33750670227919
25,2021-04-19,7 day ahead inc hosp,2021-04-26,quantile,0.5,76.12062697200311
25,2021-04-19,7 day ahead inc hosp,2021-04-26,quantile,0.55,77.6524766047189
25,2021-04-19,7 day ahead inc hosp,2021-04-26,quantile,0.6,79.19257684223615
25,2021-04-19,7 day ahead inc hosp,2021-04-26,quantile,0.65,81.56196416916957
25,2021-04-19,7 day ahead inc hosp,2021-04-26,quantile,0.7,83.41596646343163
25,2021-04-19,7 day ahead inc hosp,2021-04-26,quantile,0.75,85.77505713876393
25,2021-04-19,7 day ahead inc hosp,2021-04-26,quantile,0.8,89.28002072567197
25,2021-04-19,7 day ahead inc hosp,2021-04-26,quantile,0.85,92.91897090804213
25,2021-04-19,7 day ahead inc hosp,2021-04-26,quantile,0.9,98.08271641720978
25,2021-04-19,7 day ahead inc hosp,2021-04-26,quantile,0.95,105.05902980470674
25,2021-04-19,7 day ahead inc hosp,2021-04-26,quantile,0.975,112.68021823544822
25,2021-04-19,7 day ahead inc hosp,2021-04-26,quantile,0.99,120.62780544974427
25,2021-04-19,8 day ahead inc hosp,2021-04-27,quantile,0.01,44.245611755201814
25,2021-04-19,8 day ahead inc hosp,2021-04-27,quantile,0.025,49.51468132634641
25,2021-04-19,8 day ahead inc hosp,2021-04-27,quantile,0.05,53.64624921125649
25,2021-04-19,8 day ahead inc hosp,2021-04-27,quantile,0.1,60.05271056233361
25,2021-04-19,8 day ahead inc hosp,2021-04-27,quantile,0.15,64.24088571922184
25,2021-04-19,8 day ahead inc hosp,2021-04-27,quantile,0.2,67.21171727652865
25,2021-04-19,8 day ahead inc hosp,2021-04-27,quantile,0.25,69.86110705185753
25,2021-04-19,8 day ahead inc hosp,2021-04-27,quantile,0.3,72.28007277887527
25,2021-04-19,8 day ahead inc hosp,2021-04-27,quantile,0.35,74.36703562663476
25,2021-04-19,8 day ahead inc hosp,2021-04-27,quantile,0.4,76.41878837103235
25,2021-04-19,8 day ahead inc hosp,2021-04-27,quantile,0.45,78.76013057008787
25,2021-04-19,8 day ahead inc hosp,2021-04-27,quantile,0.5,81.0646046859372
25,2021-04-19,8 day ahead inc hosp,2021-04-27,quantile,0.55,83.28458693612698
25,2021-04-19,8 day ahead inc hosp,2021-04-27,quantile,0.6,85.77946886567742
25,2021-04-19,8 day ahead inc hosp,2021-04-27,quantile,0.65,88.20182366598985
25,2021-04-19,8 day ahead inc hosp,2021-04-27,quantile,0.7,91.16223436467966
25,2021-04-19,8 day ahead inc hosp,2021-04-27,quantile,0.75,94.63177292978978
25,2021-04-19,8 day ahead inc hosp,2021-04-27,quantile,0.8,98.5584422429835
25,2021-04-19,8 day ahead inc hosp,2021-04-27,quantile,0.85,103.49227890120727
25,2021-04-19,8 day ahead inc hosp,2021-04-27,quantile,0.9,109.5686514434461
25,2021-04-19,8 day ahead inc hosp,2021-04-27,quantile,0.95,118.04404079596904
25,2021-04-19,8 day ahead inc hosp,2021-04-27,quantile,0.975,128.992125563838
25,2021-04-19,8 day ahead inc hosp,2021-04-27,quantile,0.99,144.59356030383017
25,2021-04-19,9 day ahead inc hosp,2021-04-28,quantile,0.01,46.542453773391955
25,2021-04-19,9 day ahead inc hosp,2021-04-28,quantile,0.025,54.093688989405884
25,2021-04-19,9 day ahead inc hosp,2021-04-28,quantile,0.05,58.07218699731179
25,2021-04-19,9 day ahead inc hosp,2021-04-28,quantile,0.1,65.58174614487237
25,2021-04-19,9 day ahead inc hosp,2021-04-28,quantile,0.15,69.63984229065292
25,2021-04-19,9 day ahead inc hosp,2021-04-28,quantile,0.2,73.08877909423798
25,2021-04-19,9 day ahead inc hosp,2021-04-28,quantile,0.25,76.7970896040606
25,2021-04-19,9 day ahead inc hosp,2021-04-28,quantile,0.3,79.57143093657132
25,2021-04-19,9 day ahead inc hosp,2021-04-28,quantile,0.35,82.44749819875835
25,2021-04-19,9 day ahead inc hosp,2021-04-28,quantile,0.4,84.9973107738152
25,2021-04-19,9 day ahead inc hosp,2021-04-28,quantile,0.45,87.76112426505502
25,2021-04-19,9 day ahead inc hosp,2021-04-28,quantile,0.5,90.39012130044368
25,2021-04-19,9 day ahead inc hosp,2021-04-28,quantile,0.55,93.86298698790993
25,2021-04-19,9 day ahead inc hosp,2021-04-28,quantile,0.6,96.5614454442479
25,2021-04-19,9 day ahead inc hosp,2021-04-28,quantile,0.65,99.58057717406615
25,2021-04-19,9 day ahead inc hosp,2021-04-28,quantile,0.7,103.16299102741566
25,2021-04-19,9 day ahead inc hosp,2021-04-28,quantile,0.75,106.41933230007173
25,2021-04-19,9 day ahead inc hosp,2021-04-28,quantile,0.8,110.07269059692916
25,2021-04-19,9 day ahead inc hosp,2021-04-28,quantile,0.85,114.26545950599946
25,2021-04-19,9 day ahead inc hosp,2021-04-28,quantile,0.9,121.77365903040095
25,2021-04-19,9 day ahead inc hosp,2021-04-28,quantile,0.95,132.84757158610498
25,2021-04-19,9 day ahead inc hosp,2021-04-28,quantile,0.975,141.90292764773395
25,2021-04-19,9 day ahead inc hosp,2021-04-28,quantile,0.99,150.65550564484693
25,2021-04-19,10 day ahead inc hosp,2021-04-29,quantile,0.01,52.0133696139371
25,2021-04-19,10 day ahead inc hosp,2021-04-29,quantile,0.025,58.072718954794965
25,2021-04-19,10 day ahead inc hosp,2021-04-29,quantile,0.05,63.71598710410496
25,2021-04-19,10 day ahead inc hosp,2021-04-29,quantile,0.1,69.0658744480108
25,2021-04-19,10 day ahead inc hosp,2021-04-29,quantile,0.15,73.40806039214496
25,2021-04-19,10 day ahead inc hosp,2021-04-29,quantile,0.2,77.55556756067178
25,2021-04-19,10 day ahead inc hosp,2021-04-29,quantile,0.25,81.40675697092426
25,2021-04-19,10 day ahead inc hosp,2021-04-29,quantile,0.3,83.54816779766745
25,2021-04-19,10 day ahead inc hosp,2021-04-29,quantile,0.35,86.92766365566527
25,2021-04-19,10 day ahead inc hosp,2021-04-29,quantile,0.4,89.51016587468385
25,2021-04-19,10 day ahead inc hosp,2021-04-29,quantile,0.45,92.5527909823919
25,2021-04-19,10 day ahead inc hosp,2021-04-29,quantile,0.5,95.31111326378581
25,2021-04-19,10 day ahead inc hosp,2021-04-29,quantile,0.55,98.40422842852406
25,2021-04-19,10 day ahead inc hosp,2021-04-29,quantile,0.6,101.49864255000155
25,2021-04-19,10 day ahead inc hosp,2021-04-29,quantile,0.65,105.01049189902736
25,2021-04-19,10 day ahead inc hosp,2021-04-29,quantile,0.7,108.192350998083
25,2021-04-19,10 day ahead inc hosp,2021-04-29,quantile,0.75,111.88958910042473
25,2021-04-19,10 day ahead inc hosp,2021-04-29,quantile,0.8,115.92965412152542
25,2021-04-19,10 day ahead inc hosp,2021-04-29,quantile,0.85,121.18889904725161
25,2021-04-19,10 day ahead inc hosp,2021-04-29,quantile,0.9,128.76151965990906
25,2021-04-19,10 day ahead inc hosp,2021-04-29,quantile,0.95,141.13625643628862
25,2021-04-19,10 day ahead inc hosp,2021-04-29,quantile,0.975,152.58049063992806
25,2021-04-19,10 day ahead inc hosp,2021-04-29,quantile,0.99,159.25815652532114
25,2021-04-19,11 day ahead inc hosp,2021-04-30,quantile,0.01,53.58711702386469
25,2021-04-19,11 day ahead inc hosp,2021-04-30,quantile,0.025,60.44791646666298
25,2021-04-19,11 day ahead inc hosp,2021-04-30,quantile,0.05,64.60446305593187
25,2021-04-19,11 day ahead inc hosp,2021-04-30,quantile,0.1,71.20696363096285
25,2021-04-19,11 day ahead inc hosp,2021-04-30,quantile,0.15,76.23086120537373
25,2021-04-19,11 day ahead inc hosp,2021-04-30,quantile,0.2,80.55073445158934
25,2021-04-19,11 day ahead inc hosp,2021-04-30,quantile,0.25,84.23551262986528
25,2021-04-19,11 day ahead inc hosp,2021-04-30,quantile,0.3,87.99980921982318
25,2021-04-19,11 day ahead inc hosp,2021-04-30,quantile,0.35,91.98933086377232
25,2021-04-19,11 day ahead inc hosp,2021-04-30,quantile,0.4,95.10357562331309
25,2021-04-19,11 day ahead inc hosp,2021-04-30,quantile,0.45,97.84152003493365
25,2021-04-19,11 day ahead inc hosp,2021-04-30,quantile,0.5,100.89123169839235
25,2021-04-19,11 day ahead inc hosp,2021-04-30,quantile,0.55,103.5845836017458
25,2021-04-19,11 day ahead inc hosp,2021-04-30,quantile,0.6,106.54127637120583
25,2021-04-19,11 day ahead inc hosp,2021-04-30,quantile,0.65,109.73104199421613
25,2021-04-19,11 day ahead inc hosp,2021-04-30,quantile,0.7,113.10187503929234
25,2021-04-19,11 day ahead inc hosp,2021-04-30,quantile,0.75,116.19688753855743
25,2021-04-19,11 day ahead inc hosp,2021-04-30,quantile,0.8,121.0943649045377
25,2021-04-19,11 day ahead inc hosp,2021-04-30,quantile,0.85,125.95779098543306
25,2021-04-19,11 day ahead inc hosp,2021-04-30,quantile,0.9,134.55011617468753
25,2021-04-19,11 day ahead inc hosp,2021-04-30,quantile,0.95,143.62274784783682
25,2021-04-19,11 day ahead inc hosp,2021-04-30,quantile,0.975,154.02641052375284
25,2021-04-19,11 day ahead inc hosp,2021-04-30,quantile,0.99,168.51025572333324
25,2021-04-19,12 day ahead inc hosp,2021-05-01,quantile,0.01,45.22572972234039
25,2021-04-19,12 day ahead inc hosp,2021-05-01,quantile,0.025,49.216731856347
25,2021-04-19,12 day ahead inc hosp,2021-05-01,quantile,0.05,55.35141999770353
25,2021-04-19,12 day ahead inc hosp,2021-05-01,quantile,0.1,62.237765747060756
25,2021-04-19,12 day ahead inc hosp,2021-05-01,quantile,0.15,66.32857824071557
25,2021-04-19,12 day ahead inc hosp,2021-05-01,quantile,0.2,69.75564072372562
25,2021-04-19,12 day ahead inc hosp,2021-05-01,quantile,0.25,73.16648172672562
25,2021-04-19,12 day ahead inc hosp,2021-05-01,quantile,0.3,75.96340445275513
25,2021-04-19,12 day ahead inc hosp,2021-05-01,quantile,0.35,79.04372409882879
25,2021-04-19,12 day ahead inc hosp,2021-05-01,quantile,0.4,82.02840393582193
25,2021-04-19,12 day ahead inc hosp,2021-05-01,quantile,0.45,85.25995718180421
25,2021-04-19,12 day ahead inc hosp,2021-05-01,quantile,0.5,87.96691704726167
25,2021-04-19,12 day ahead inc hosp,2021-05-01,quantile,0.55,91.58538984849267
25,2021-04-19,12 day ahead inc hosp,2021-05-01,quantile,0.6,94.89683892570112
25,2021-04-19,12 day ahead inc hosp,2021-05-01,quantile,0.65,98.83160279474893
25,2021-04-19,12 day ahead inc hosp,2021-05-01,quantile,0.7,102.10688221974942
25,2021-04-19,12 day ahead inc hosp,2021-05-01,quantile,0.75,106.68719865828525
25,2021-04-19,12 day ahead inc hosp,2021-05-01,quantile,0.8,110.24252328710062
25,2021-04-19,12 day ahead inc hosp,2021-05-01,quantile,0.85,114.57397927144109
25,2021-04-19,12 day ahead inc hosp,2021-05-01,quantile,0.9,121.60146450767854
25,2021-04-19,12 day ahead inc hosp,2021-05-01,quantile,0.95,136.33292997918417
25,2021-04-19,12 day ahead inc hosp,2021-05-01,quantile,0.975,144.72654873545855
25,2021-04-19,12 day ahead inc hosp,2021-05-01,quantile,0.99,159.40615828024517
25,2021-04-19,13 day ahead inc hosp,2021-05-02,quantile,0.01,36.60555471596244
25,2021-04-19,13 day ahead inc hosp,2021-05-02,quantile,0.025,40.83888652872484
25,2021-04-19,13 day ahead inc hosp,2021-05-02,quantile,0.05,44.572576848147804
25,2021-04-19,13 day ahead inc hosp,2021-05-02,quantile,0.1,50.54977960692943
25,2021-04-19,13 day ahead inc hosp,2021-05-02,quantile,0.15,54.573918504291974
25,2021-04-19,13 day ahead inc hosp,2021-05-02,quantile,0.2,57.142207485871936
25,2021-04-19,13 day ahead inc hosp,2021-05-02,quantile,0.25,59.50580874144461
25,2021-04-19,13 day ahead inc hosp,2021-05-02,quantile,0.3,61.91758832738881
25,2021-04-19,13 day ahead inc hosp,2021-05-02,quantile,0.35,64.45577765084835
25,2021-04-19,13 day ahead inc hosp,2021-05-02,quantile,0.4,66.60154364149246
25,2021-04-19,13 day ahead inc hosp,2021-05-02,quantile,0.45,69.9317319498843
25,2021-04-19,13 day ahead inc hosp,2021-05-02,quantile,0.5,72.19963721344877
25,2021-04-19,13 day ahead inc hosp,2021-05-02,quantile,0.55,75.0451296829726
25,2021-04-19,13 day ahead inc hosp,2021-05-02,quantile,0.6,77.3421192296197
25,2021-04-19,13 day ahead inc hosp,2021-05-02,quantile,0.65,81.14301041725852
25,2021-04-19,13 day ahead inc hosp,2021-05-02,quantile,0.7,83.96461960442079
25,2021-04-19,13 day ahead inc hosp,2021-05-02,quantile,0.75,87.51361132188654
25,2021-04-19,13 day ahead inc hosp,2021-05-02,quantile,0.8,91.46280235268006
25,2021-04-19,13 day ahead inc hosp,2021-05-02,quantile,0.85,97.15817435770542
25,2021-04-19,13 day ahead inc hosp,2021-05-02,quantile,0.9,103.97774892110624
25,2021-04-19,13 day ahead inc hosp,2021-05-02,quantile,0.95,113.69721605387096
25,2021-04-19,13 day ahead inc hosp,2021-05-02,quantile,0.975,123.61229018256778
25,2021-04-19,13 day ahead inc hosp,2021-05-02,quantile,0.99,134.23701902263315
25,2021-04-19,14 day ahead inc hosp,2021-05-03,quantile,0.01,34.78664431280217
25,2021-04-19,14 day ahead inc hosp,2021-05-03,quantile,0.025,38.56947704066637
25,2021-04-19,14 day ahead inc hosp,2021-05-03,quantile,0.05,43.02470177042789
25,2021-04-19,14 day ahead inc hosp,2021-05-03,quantile,0.1,49.239327198686524
25,2021-04-19,14 day ahead inc hosp,2021-05-03,quantile,0.15,52.901605395110636
25,2021-04-19,14 day ahead inc hosp,2021-05-03,quantile,0.2,56.17248717728572
25,2021-04-19,14 day ahead inc hosp,2021-05-03,quantile,0.25,59.28078969959989
25,2021-04-19,14 day ahead inc hosp,2021-05-03,quantile,0.3,62.0250416778011
25,2021-04-19,14 day ahead inc hosp,2021-05-03,quantile,0.35,63.91068474060241
25,2021-04-19,14 day ahead inc hosp,2021-05-03,quantile,0.4,66.48987645231684
25,2021-04-19,14 day ahead inc hosp,2021-05-03,quantile,0.45,69.15555338646095
25,2021-04-19,14 day ahead inc hosp,2021-05-03,quantile,0.5,71.63191674786772
25,2021-04-19,14 day ahead inc hosp,2021-05-03,quantile,0.55,74.56417403047587
25,2021-04-19,14 day ahead inc hosp,2021-05-03,quantile,0.6,77.22092658834468
25,2021-04-19,14 day ahead inc hosp,2021-05-03,quantile,0.65,79.83011138930013
25,2021-04-19,14 day ahead inc hosp,2021-05-03,quantile,0.7,83.80738650007618
25,2021-04-19,14 day ahead inc hosp,2021-05-03,quantile,0.75,87.20120834431555
25,2021-04-19,14 day ahead inc hosp,2021-05-03,quantile,0.8,92.38975083410836
25,2021-04-19,14 day ahead inc hosp,2021-05-03,quantile,0.85,96.56729523196222
25,2021-04-19,14 day ahead inc hosp,2021-05-03,quantile,0.9,105.35726441958906
25,2021-04-19,14 day ahead inc hosp,2021-05-03,quantile,0.95,116.86883074531225
25,2021-04-19,14 day ahead inc hosp,2021-05-03,quantile,0.975,126.30542827046212
25,2021-04-19,14 day ahead inc hosp,2021-05-03,quantile,0.99,136.69276553097416
25,2021-04-19,15 day ahead inc hosp,2021-05-04,quantile,0.01,31.989184819477156
25,2021-04-19,15 day ahead inc hosp,2021-05-04,quantile,0.025,37.904424106869435
25,2021-04-19,15 day ahead inc hosp,2021-05-04,quantile,0.05,42.27242195793608
25,2021-04-19,15 day ahead inc hosp,2021-05-04,quantile,0.1,49.48729783213289
25,2021-04-19,15 day ahead inc hosp,2021-05-04,quantile,0.15,53.98187445639974
25,2021-04-19,15 day ahead inc hosp,2021-05-04,quantile,0.2,56.81417185642627
25,2021-04-19,15 day ahead inc hosp,2021-05-04,quantile,0.25,59.9604392010582
25,2021-04-19,15 day ahead inc hosp,2021-05-04,quantile,0.3,63.830498380489985
25,2021-04-19,15 day ahead inc hosp,2021-05-04,quantile,0.35,67.3610481770149
25,2021-04-19,15 day ahead inc hosp,2021-05-04,quantile,0.4,70.08682002743838
25,2021-04-19,15 day ahead inc hosp,2021-05-04,quantile,0.45,72.98200517205406
25,2021-04-19,15 day ahead inc hosp,2021-05-04,quantile,0.5,76.80848152568095
25,2021-04-19,15 day ahead inc hosp,2021-05-04,quantile,0.55,80.00831595527134
25,2021-04-19,15 day ahead inc hosp,2021-05-04,quantile,0.6,83.312989729004
25,2021-04-19,15 day ahead inc hosp,2021-05-04,quantile,0.65,86.49573471101714
25,2021-04-19,15 day ahead inc hosp,2021-05-04,quantile,0.7,90.45249540912444
25,2021-04-19,15 day ahead inc hosp,2021-05-04,quantile,0.75,94.55192900916701
25,2021-04-19,15 day ahead inc hosp,2021-05-04,quantile,0.8,100.55408356668318
25,2021-04-19,15 day ahead inc hosp,2021-05-04,quantile,0.85,106.31641494581882
25,2021-04-19,15 day ahead inc hosp,2021-05-04,quantile,0.9,114.70813709206266
25,2021-04-19,15 day ahead inc hosp,2021-05-04,quantile,0.95,127.69311883274965
25,2021-04-19,15 day ahead inc hosp,2021-05-04,quantile,0.975,137.19192680872308
25,2021-04-19,15 day ahead inc hosp,2021-05-04,quantile,0.99,161.12209878722322
25,2021-04-19,16 day ahead inc hosp,2021-05-05,quantile,0.01,33.99985578382227
25,2021-04-19,16 day ahead inc hosp,2021-05-05,quantile,0.025,40.1836077642044
25,2021-04-19,16 day ahead inc hosp,2021-05-05,quantile,0.05,46.681888577256174
25,2021-04-19,16 day ahead inc hosp,2021-05-05,quantile,0.1,53.63560155558975
25,2021-04-19,16 day ahead inc hosp,2021-05-05,quantile,0.15,58.41047771004357
25,2021-04-19,16 day ahead inc hosp,2021-05-05,quantile,0.2,62.05957159695794
25,2021-04-19,16 day ahead inc hosp,2021-05-05,quantile,0.25,65.99413010343743
25,2021-04-19,16 day ahead inc hosp,2021-05-05,quantile,0.3,69.3775030236926
25,2021-04-19,16 day ahead inc hosp,2021-05-05,quantile,0.35,71.94610669741628
25,2021-04-19,16 day ahead inc hosp,2021-05-05,quantile,0.4,75.9413620074449
25,2021-04-19,16 day ahead inc hosp,2021-05-05,quantile,0.45,79.38551975537231
25,2021-04-19,16 day ahead inc hosp,2021-05-05,quantile,0.5,82.54292956630732
25,2021-04-19,16 day ahead inc hosp,2021-05-05,quantile,0.55,85.66282023963055
25,2021-04-19,16 day ahead inc hosp,2021-05-05,quantile,0.6,89.91461453213863
25,2021-04-19,16 day ahead inc hosp,2021-05-05,quantile,0.65,94.50731233761492
25,2021-04-19,16 day ahead inc hosp,2021-05-05,quantile,0.7,98.39738610814237
25,2021-04-19,16 day ahead inc hosp,2021-05-05,quantile,0.75,103.36450702986743
25,2021-04-19,16 day ahead inc hosp,2021-05-05,quantile,0.8,111.46300039880948
25,2021-04-19,16 day ahead inc hosp,2021-05-05,quantile,0.85,119.30139977821077
25,2021-04-19,16 day ahead inc hosp,2021-05-05,quantile,0.9,125.78382152811947
25,2021-04-19,16 day ahead inc hosp,2021-05-05,quantile,0.95,141.2110470811092
25,2021-04-19,16 day ahead inc hosp,2021-05-05,quantile,0.975,154.0056039321315
25,2021-04-19,16 day ahead inc hosp,2021-05-05,quantile,0.99,169.32438665578292
25,2021-04-19,17 day ahead inc hosp,2021-05-06,quantile,0.01,33.342804143750946
25,2021-04-19,17 day ahead inc hosp,2021-05-06,quantile,0.025,39.86883737806223
25,2021-04-19,17 day ahead inc hosp,2021-05-06,quantile,0.05,45.79099556985477
25,2021-04-19,17 day ahead inc hosp,2021-05-06,quantile,0.1,57.16239591765915
25,2021-04-19,17 day ahead inc hosp,2021-05-06,quantile,0.15,61.34956480219968
25,2021-04-19,17 day ahead inc hosp,2021-05-06,quantile,0.2,66.59637086804861
25,2021-04-19,17 day ahead inc hosp,2021-05-06,quantile,0.25,70.41022746369704
25,2021-04-19,17 day ahead inc hosp,2021-05-06,quantile,0.3,73.80769492488795
25,2021-04-19,17 day ahead inc hosp,2021-05-06,quantile,0.35,77.32993633017807
25,2021-04-19,17 day ahead inc hosp,2021-05-06,quantile,0.4,81.2347001265713
25,2021-04-19,17 day ahead inc hosp,2021-05-06,quantile,0.45,84.09471419792085
25,2021-04-19,17 day ahead inc hosp,2021-05-06,quantile,0.5,87.52631956625214
25,2021-04-19,17 day ahead inc hosp,2021-05-06,quantile,0.55,90.67050794041297
25,2021-04-19,17 day ahead inc hosp,2021-05-06,quantile,0.6,94.87620408192718
25,2021-04-19,17 day ahead inc hosp,2021-05-06,quantile,0.65,98.471138763358
25,2021-04-19,17 day ahead inc hosp,2021-05-06,quantile,0.7,102.74940963044493
25,2021-04-19,17 day ahead inc hosp,2021-05-06,quantile,0.75,108.4038744460912
25,2021-04-19,17 day ahead inc hosp,2021-05-06,quantile,0.8,115.30691003286454
25,2021-04-19,17 day ahead inc hosp,2021-05-06,quantile,0.85,123.6454352915006
25,2021-04-19,17 day ahead inc hosp,2021-05-06,quantile,0.9,132.44436677134502
25,2021-04-19,17 day ahead inc hosp,2021-05-06,quantile,0.95,145.68911838907033
25,2021-04-19,17 day ahead inc hosp,2021-05-06,quantile,0.975,163.31290141393933
25,2021-04-19,17 day ahead inc hosp,2021-05-06,quantile,0.99,176.10723352474153
25,2021-04-19,18 day ahead inc hosp,2021-05-07,quantile,0.01,35.8071682787097
25,2021-04-19,18 day ahead inc hosp,2021-05-07,quantile,0.025,41.357222734567536
25,2021-04-19,18 day ahead inc hosp,2021-05-07,quantile,0.05,47.71021621137995
25,2021-04-19,18 day ahead inc hosp,2021-05-07,quantile,0.1,56.90629670174785
25,2021-04-19,18 day ahead inc hosp,2021-05-07,quantile,0.15,62.06235664264303
25,2021-04-19,18 day ahead inc hosp,2021-05-07,quantile,0.2,67.2266779765618
25,2021-04-19,18 day ahead inc hosp,2021-05-07,quantile,0.25,71.99503047890977
25,2021-04-19,18 day ahead inc hosp,2021-05-07,quantile,0.3,76.92761096335792
25,2021-04-19,18 day ahead inc hosp,2021-05-07,quantile,0.35,81.01069874601826
25,2021-04-19,18 day ahead inc hosp,2021-05-07,quantile,0.4,85.23029100019917
25,2021-04-19,18 day ahead inc hosp,2021-05-07,quantile,0.45,89.72188698495593
25,2021-04-19,18 day ahead inc hosp,2021-05-07,quantile,0.5,93.43627897295136
25,2021-04-19,18 day ahead inc hosp,2021-05-07,quantile,0.55,96.89896700411754
25,2021-04-19,18 day ahead inc hosp,2021-05-07,quantile,0.6,101.37057790920699
25,2021-04-19,18 day ahead inc hosp,2021-05-07,quantile,0.65,105.70658097319377
25,2021-04-19,18 day ahead inc hosp,2021-05-07,quantile,0.7,110.28583840721281
25,2021-04-19,18 day ahead inc hosp,2021-05-07,quantile,0.75,115.5888272622614
25,2021-04-19,18 day ahead inc hosp,2021-05-07,quantile,0.8,123.0023041929437
25,2021-04-19,18 day ahead inc hosp,2021-05-07,quantile,0.85,130.97696170228028
25,2021-04-19,18 day ahead inc hosp,2021-05-07,quantile,0.9,140.34650819074224
25,2021-04-19,18 day ahead inc hosp,2021-05-07,quantile,0.95,157.61720991443022
25,2021-04-19,18 day ahead inc hosp,2021-05-07,quantile,0.975,173.74328723338328
25,2021-04-19,18 day ahead inc hosp,2021-05-07,quantile,0.99,189.21643232932655
25,2021-04-19,19 day ahead inc hosp,2021-05-08,quantile,0.01,30.56454943109204
25,2021-04-19,19 day ahead inc hosp,2021-05-08,quantile,0.025,35.52925298037564
25,2021-04-19,19 day ahead inc hosp,2021-05-08,quantile,0.05,41.235199989717906
25,2021-04-19,19 day ahead inc hosp,2021-05-08,quantile,0.1,48.76340941607252
25,2021-04-19,19 day ahead inc hosp,2021-05-08,quantile,0.15,55.36299120339508
25,2021-04-19,19 day ahead inc hosp,2021-05-08,quantile,0.2,59.8129322080787
25,2021-04-19,19 day ahead inc hosp,2021-05-08,quantile,0.25,63.468885648023125
25,2021-04-19,19 day ahead inc hosp,2021-05-08,quantile,0.3,67.06951632848605
25,2021-04-19,19 day ahead inc hosp,2021-05-08,quantile,0.35,70.37939721926125
25,2021-04-19,19 day ahead inc hosp,2021-05-08,quantile,0.4,73.80499019075152
25,2021-04-19,19 day ahead inc hosp,2021-05-08,quantile,0.45,77.12781399681543
25,2021-04-19,19 day ahead inc hosp,2021-05-08,quantile,0.5,81.173888425638
25,2021-04-19,19 day ahead inc hosp,2021-05-08,quantile,0.55,84.78783293666329
25,2021-04-19,19 day ahead inc hosp,2021-05-08,quantile,0.6,89.02435088012113
25,2021-04-19,19 day ahead inc hosp,2021-05-08,quantile,0.65,93.79155441603527
25,2021-04-19,19 day ahead inc hosp,2021-05-08,quantile,0.7,98.23502802780749
25,2021-04-19,19 day ahead inc hosp,2021-05-08,quantile,0.75,103.69630839929873
25,2021-04-19,19 day ahead inc hosp,2021-05-08,quantile,0.8,109.59752955975455
25,2021-04-19,19 day ahead inc hosp,2021-05-08,quantile,0.85,115.90976152961954
25,2021-04-19,19 day ahead inc hosp,2021-05-08,quantile,0.9,127.28085592158331
25,2021-04-19,19 day ahead inc hosp,2021-05-08,quantile,0.95,141.85509207364538
25,2021-04-19,19 day ahead inc hosp,2021-05-08,quantile,0.975,154.7003300574709
25,2021-04-19,19 day ahead inc hosp,2021-05-08,quantile,0.99,173.97805712480104
25,2021-04-19,20 day ahead inc hosp,2021-05-09,quantile,0.01,21.77097064535251
25,2021-04-19,20 day ahead inc hosp,2021-05-09,quantile,0.025,27.81749921921142
25,2021-04-19,20 day ahead inc hosp,2021-05-09,quantile,0.05,33.83407960065993
25,2021-04-19,20 day ahead inc hosp,2021-05-09,quantile,0.1,40.85581248781613
25,2021-04-19,20 day ahead inc hosp,2021-05-09,quantile,0.15,45.5383400588768
25,2021-04-19,20 day ahead inc hosp,2021-05-09,quantile,0.2,50.19860461260363
25,2021-04-19,20 day ahead inc hosp,2021-05-09,quantile,0.25,53.084766738173236
25,2021-04-19,20 day ahead inc hosp,2021-05-09,quantile,0.3,57.085219301032986
25,2021-04-19,20 day ahead inc hosp,2021-05-09,quantile,0.35,60.44523526770969
25,2021-04-19,20 day ahead inc hosp,2021-05-09,quantile,0.4,63.90883218048579
25,2021-04-19,20 day ahead inc hosp,2021-05-09,quantile,0.45,66.382934215086
25,2021-04-19,20 day ahead inc hosp,2021-05-09,quantile,0.5,69.95369359174593
25,2021-04-19,20 day ahead inc hosp,2021-05-09,quantile,0.55,72.74604792695872
25,2021-04-19,20 day ahead inc hosp,2021-05-09,quantile,0.6,77.00068748558577
25,2021-04-19,20 day ahead inc hosp,2021-05-09,quantile,0.65,80.88673542162358
25,2021-04-19,20 day ahead inc hosp,2021-05-09,quantile,0.7,84.5898489314087
25,2021-04-19,20 day ahead inc hosp,2021-05-09,quantile,0.75,89.07618890034922
25,2021-04-19,20 day ahead inc hosp,2021-05-09,quantile,0.8,95.72795135082073
25,2021-04-19,20 day ahead inc hosp,2021-05-09,quantile,0.85,102.07734159157857
25,2021-04-19,20 day ahead inc hosp,2021-05-09,quantile,0.9,109.99245327359341
25,2021-04-19,20 day ahead inc hosp,2021-05-09,quantile,0.95,130.85783270916102
25,2021-04-19,20 day ahead inc hosp,2021-05-09,quantile,0.975,144.12010708139357
25,2021-04-19,20 day ahead inc hosp,2021-05-09,quantile,0.99,161.11221182543653
25,2021-04-19,21 day ahead inc hosp,2021-05-10,quantile,0.01,20.597344852150595
25,2021-04-19,21 day ahead inc hosp,2021-05-10,quantile,0.025,26.275658975894014
25,2021-04-19,21 day ahead inc hosp,2021-05-10,quantile,0.05,32.099730409927865
25,2021-04-19,21 day ahead inc hosp,2021-05-10,quantile,0.1,39.81500281513501
25,2021-04-19,21 day ahead inc hosp,2021-05-10,quantile,0.15,44.43705606225249
25,2021-04-19,21 day ahead inc hosp,2021-05-10,quantile,0.2,48.42558544111425
25,2021-04-19,21 day ahead inc hosp,2021-05-10,quantile,0.25,52.49998066679005
25,2021-04-19,21 day ahead inc hosp,2021-05-10,quantile,0.3,56.77354063075561
25,2021-04-19,21 day ahead inc hosp,2021-05-10,quantile,0.35,60.75328080187102
25,2021-04-19,21 day ahead inc hosp,2021-05-10,quantile,0.4,64.56372958464985
25,2021-04-19,21 day ahead inc hosp,2021-05-10,quantile,0.45,68.07657429163439
25,2021-04-19,21 day ahead inc hosp,2021-05-10,quantile,0.5,71.4132545242489
25,2021-04-19,21 day ahead inc hosp,2021-05-10,quantile,0.55,74.21727506753572
25,2021-04-19,21 day ahead inc hosp,2021-05-10,quantile,0.6,77.22504313017822
25,2021-04-19,21 day ahead inc hosp,2021-05-10,quantile,0.65,81.49761320690091
25,2021-04-19,21 day ahead inc hosp,2021-05-10,quantile,0.7,86.26857953914158
25,2021-04-19,21 day ahead inc hosp,2021-05-10,quantile,0.75,91.9576808254397
25,2021-04-19,21 day ahead inc hosp,2021-05-10,quantile,0.8,98.31646425320157
25,2021-04-19,21 day ahead inc hosp,2021-05-10,quantile,0.85,105.49652816244027
25,2021-04-19,21 day ahead inc hosp,2021-05-10,quantile,0.9,113.25210799924547
25,2021-04-19,21 day ahead inc hosp,2021-05-10,quantile,0.95,131.87750637155216
25,2021-04-19,21 day ahead inc hosp,2021-05-10,quantile,0.975,146.64857905453673
25,2021-04-19,21 day ahead inc hosp,2021-05-10,quantile,0.99,160.40987492396243
25,2021-04-19,22 day ahead inc hosp,2021-05-11,quantile,0.01,24.17672398905455
25,2021-04-19,22 day ahead inc hosp,2021-05-11,quantile,0.025,29.07369512977992
25,2021-04-19,22 day ahead inc hosp,2021-05-11,quantile,0.05,33.958745581234425
25,2021-04-19,22 day ahead inc hosp,2021-05-11,quantile,0.1,42.080662587749515
25,2021-04-19,22 day ahead inc hosp,2021-05-11,quantile,0.15,48.26308385075915
25,2021-04-19,22 day ahead inc hosp,2021-05-11,quantile,0.2,52.37673930959018
25,2021-04-19,22 day ahead inc hosp,2021-05-11,quantile,0.25,55.62463912283281
25,2021-04-19,22 day ahead inc hosp,2021-05-11,quantile,0.3,59.699583457451716
25,2021-04-19,22 day ahead inc hosp,2021-05-11,quantile,0.35,63.2797368630523
25,2021-04-19,22 day ahead inc hosp,2021-05-11,quantile,0.4,67.30673135348398
25,2021-04-19,22 day ahead inc hosp,2021-05-11,quantile,0.45,71.86416247232957
25,2021-04-19,22 day ahead inc hosp,2021-05-11,quantile,0.5,75.69184047381412
25,2021-04-19,22 day ahead inc hosp,2021-05-11,quantile,0.55,79.68180700118242
25,2021-04-19,22 day ahead inc hosp,2021-05-11,quantile,0.6,84.5660839830059
25,2021-04-19,22 day ahead inc hosp,2021-05-11,quantile,0.65,90.69645816049153
25,2021-04-19,22 day ahead inc hosp,2021-05-11,quantile,0.7,96.1708121565031
25,2021-04-19,22 day ahead inc hosp,2021-05-11,quantile,0.75,100.95797767638179
25,2021-04-19,22 day ahead inc hosp,2021-05-11,quantile,0.8,108.39610346992957
25,2021-04-19,22 day ahead inc hosp,2021-05-11,quantile,0.85,117.27897795310243
25,2021-04-19,22 day ahead inc hosp,2021-05-11,quantile,0.9,131.3194460807718
25,2021-04-19,22 day ahead inc hosp,2021-05-11,quantile,0.95,150.6981085343538
25,2021-04-19,22 day ahead inc hosp,2021-05-11,quantile,0.975,165.93741227817722
25,2021-04-19,22 day ahead inc hosp,2021-05-11,quantile,0.99,181.69689393895314
25,2021-04-19,23 day ahead inc hosp,2021-05-12,quantile,0.01,23.54012170396297
25,2021-04-19,23 day ahead inc hosp,2021-05-12,quantile,0.025,30.18818000563493
25,2021-04-19,23 day ahead inc hosp,2021-05-12,quantile,0.05,37.7008511996924
25,2021-04-19,23 day ahead inc hosp,2021-05-12,quantile,0.1,46.151077491118464
25,2021-04-19,23 day ahead inc hosp,2021-05-12,quantile,0.15,52.03341207776741
25,2021-04-19,23 day ahead inc hosp,2021-05-12,quantile,0.2,56.00464818331039
25,2021-04-19,23 day ahead inc hosp,2021-05-12,quantile,0.25,60.53477740776114
25,2021-04-19,23 day ahead inc hosp,2021-05-12,quantile,0.3,65.12373192674436
25,2021-04-19,23 day ahead inc hosp,2021-05-12,quantile,0.35,69.46906027449599
25,2021-04-19,23 day ahead inc hosp,2021-05-12,quantile,0.4,73.5761917265735
25,2021-04-19,23 day ahead inc hosp,2021-05-12,quantile,0.45,77.76281557507835
25,2021-04-19,23 day ahead inc hosp,2021-05-12,quantile,0.5,82.47222798380801
25,2021-04-19,23 day ahead inc hosp,2021-05-12,quantile,0.55,86.89992587446127
25,2021-04-19,23 day ahead inc hosp,2021-05-12,quantile,0.6,92.40092306460949
25,2021-04-19,23 day ahead inc hosp,2021-05-12,quantile,0.65,98.699484066348
25,2021-04-19,23 day ahead inc hosp,2021-05-12,quantile,0.7,103.56188935253515
25,2021-04-19,23 day ahead inc hosp,2021-05-12,quantile,0.75,110.54688708573156
25,2021-04-19,23 day ahead inc hosp,2021-05-12,quantile,0.8,118.83963355824312
25,2021-04-19,23 day ahead inc hosp,2021-05-12,quantile,0.85,130.11295025552263
25,2021-04-19,23 day ahead inc hosp,2021-05-12,quantile,0.9,143.03607337901798
25,2021-04-19,23 day ahead inc hosp,2021-05-12,quantile,0.95,163.87704382017134
25,2021-04-19,23 day ahead inc hosp,2021-05-12,quantile,0.975,184.33322506074435
25,2021-04-19,23 day ahead inc hosp,2021-05-12,quantile,0.99,207.8165332731642
25,2021-04-19,24 day ahead inc hosp,2021-05-13,quantile,0.01,24.048561555449748
25,2021-04-19,24 day ahead inc hosp,2021-05-13,quantile,0.025,30.969401695864107
25,2021-04-19,24 day ahead inc hosp,2021-05-13,quantile,0.05,38.598826725321246
25,2021-04-19,24 day ahead inc hosp,2021-05-13,quantile,0.1,48.89046976302732
25,2021-04-19,24 day ahead inc hosp,2021-05-13,quantile,0.15,55.40141305025524
25,2021-04-19,24 day ahead inc hosp,2021-05-13,quantile,0.2,61.58971379336726
25,2021-04-19,24 day ahead inc hosp,2021-05-13,quantile,0.25,64.84118191232452
25,2021-04-19,24 day ahead inc hosp,2021-05-13,quantile,0.3,69.4917389791441
25,2021-04-19,24 day ahead inc hosp,2021-05-13,quantile,0.35,73.47992259936287
25,2021-04-19,24 day ahead inc hosp,2021-05-13,quantile,0.4,77.87982956025589
25,2021-04-19,24 day ahead inc hosp,2021-05-13,quantile,0.45,81.62014216282432
25,2021-04-19,24 day ahead inc hosp,2021-05-13,quantile,0.5,86.55499140467798
25,2021-04-19,24 day ahead inc hosp,2021-05-13,quantile,0.55,91.61925223686646
25,2021-04-19,24 day ahead inc hosp,2021-05-13,quantile,0.6,96.00741255225704
25,2021-04-19,24 day ahead inc hosp,2021-05-13,quantile,0.65,101.90085870536147
25,2021-04-19,24 day ahead inc hosp,2021-05-13,quantile,0.7,107.75326380455793
25,2021-04-19,24 day ahead inc hosp,2021-05-13,quantile,0.75,117.10740090955133
25,2021-04-19,24 day ahead inc hosp,2021-05-13,quantile,0.8,125.78539237958469
25,2021-04-19,24 day ahead inc hosp,2021-05-13,quantile,0.85,134.3864512730015
25,2021-04-19,24 day ahead inc hosp,2021-05-13,quantile,0.9,154.19653520525446
25,2021-04-19,24 day ahead inc hosp,2021-05-13,quantile,0.95,170.700021300576
25,2021-04-19,24 day ahead inc hosp,2021-05-13,quantile,0.975,191.59462233246768
25,2021-04-19,24 day ahead inc hosp,2021-05-13,quantile,0.99,228.18987779221254
25,2021-04-19,25 day ahead inc hosp,2021-05-14,quantile,0.01,24.897244209317076
25,2021-04-19,25 day ahead inc hosp,2021-05-14,quantile,0.025,31.870735634737063
25,2021-04-19,25 day ahead inc hosp,2021-05-14,quantile,0.05,36.999302361622256
25,2021-04-19,25 day ahead inc hosp,2021-05-14,quantile,0.1,47.371376298375715
25,2021-04-19,25 day ahead inc hosp,2021-05-14,quantile,0.15,55.9299544248225
25,2021-04-19,25 day ahead inc hosp,2021-05-14,quantile,0.2,62.130211332403285
25,2021-04-19,25 day ahead inc hosp,2021-05-14,quantile,0.25,68.16464169474614
25,2021-04-19,25 day ahead inc hosp,2021-05-14,quantile,0.3,74.07806218740052
25,2021-04-19,25 day ahead inc hosp,2021-05-14,quantile,0.35,80.45860120497927
25,2021-04-19,25 day ahead inc hosp,2021-05-14,quantile,0.4,84.77242085262041
25,2021-04-19,25 day ahead inc hosp,2021-05-14,quantile,0.45,88.73003836232496
25,2021-04-19,25 day ahead inc hosp,2021-05-14,quantile,0.5,94.25912804283071
25,2021-04-19,25 day ahead inc hosp,2021-05-14,quantile,0.55,98.99132091875187
25,2021-04-19,25 day ahead inc hosp,2021-05-14,quantile,0.6,105.02763098508639
25,2021-04-19,25 day ahead inc hosp,2021-05-14,quantile,0.65,111.01866613424504
25,2021-04-19,25 day ahead inc hosp,2021-05-14,quantile,0.7,117.07583336632858
25,2021-04-19,25 day ahead inc hosp,2021-05-14,quantile,0.75,123.96791001776771
25,2021-04-19,25 day ahead inc hosp,2021-05-14,quantile,0.8,132.0278610436194
25,2021-04-19,25 day ahead inc hosp,2021-05-14,quantile,0.85,142.76309104829684
25,2021-04-19,25 day ahead inc hosp,2021-05-14,quantile,0.9,164.38629188510043
25,2021-04-19,25 day ahead inc hosp,2021-05-14,quantile,0.95,184.25815881449083
25,2021-04-19,25 day ahead inc hosp,2021-05-14,quantile,0.975,203.9628520281672
25,2021-04-19,25 day ahead inc hosp,2021-05-14,quantile,0.99,226.1118742797282
25,2021-04-19,26 day ahead inc hosp,2021-05-15,quantile,0.01,21.30195297310135
25,2021-04-19,26 day ahead inc hosp,2021-05-15,quantile,0.025,28.12846613555818
25,2021-04-19,26 day ahead inc hosp,2021-05-15,quantile,0.05,32.72123613976322
25,2021-04-19,26 day ahead inc hosp,2021-05-15,quantile,0.1,41.29425348830414
25,2021-04-19,26 day ahead inc hosp,2021-05-15,quantile,0.15,47.802284139347535
25,2021-04-19,26 day ahead inc hosp,2021-05-15,quantile,0.2,53.58241376745661
25,2021-04-19,26 day ahead inc hosp,2021-05-15,quantile,0.25,59.458594268912584
25,2021-04-19,26 day ahead inc hosp,2021-05-15,quantile,0.3,63.33493285640776
25,2021-04-19,26 day ahead inc hosp,2021-05-15,quantile,0.35,68.43115574215288
25,2021-04-19,26 day ahead inc hosp,2021-05-15,quantile,0.4,72.67138265744059
25,2021-04-19,26 day ahead inc hosp,2021-05-15,quantile,0.45,77.32578644438256
25,2021-04-19,26 day ahead inc hosp,2021-05-15,quantile,0.5,81.60640430080807
25,2021-04-19,26 day ahead inc hosp,2021-05-15,quantile,0.55,86.53138257743173
25,2021-04-19,26 day ahead inc hosp,2021-05-15,quantile,0.6,91.86050872563361
25,2021-04-19,26 day ahead inc hosp,2021-05-15,quantile,0.65,97.47698339913688
25,2021-04-19,26 day ahead inc hosp,2021-05-15,quantile,0.7,104.85347721986238
25,2021-04-19,26 day ahead inc hosp,2021-05-15,quantile,0.75,112.30479459171484
25,2021-04-19,26 day ahead inc hosp,2021-05-15,quantile,0.8,122.98226341142079
25,2021-04-19,26 day ahead inc hosp,2021-05-15,quantile,0.85,135.815649374818
25,2021-04-19,26 day ahead inc hosp,2021-05-15,quantile,0.9,147.38209862054896
25,2021-04-19,26 day ahead inc hosp,2021-05-15,quantile,0.95,168.53462084473333
25,2021-04-19,26 day ahead inc hosp,2021-05-15,quantile,0.975,191.4826940953609
25,2021-04-19,26 day ahead inc hosp,2021-05-15,quantile,0.99,213.0492967606826
25,2021-04-19,27 day ahead inc hosp,2021-05-16,quantile,0.01,15.041236375405292
25,2021-04-19,27 day ahead inc hosp,2021-05-16,quantile,0.025,20.709256587162766
25,2021-04-19,27 day ahead inc hosp,2021-05-16,quantile,0.05,25.56018205782434
25,2021-04-19,27 day ahead inc hosp,2021-05-16,quantile,0.1,32.747731691091595
25,2021-04-19,27 day ahead inc hosp,2021-05-16,quantile,0.15,39.42828828516323
25,2021-04-19,27 day ahead inc hosp,2021-05-16,quantile,0.2,44.3161324773469
25,2021-04-19,27 day ahead inc hosp,2021-05-16,quantile,0.25,49.349464504360085
25,2021-04-19,27 day ahead inc hosp,2021-05-16,quantile,0.3,52.74991224620886
25,2021-04-19,27 day ahead inc hosp,2021-05-16,quantile,0.35,56.358254308368984
25,2021-04-19,27 day ahead inc hosp,2021-05-16,quantile,0.4,59.83117461545289
25,2021-04-19,27 day ahead inc hosp,2021-05-16,quantile,0.45,64.3957483928713
25,2021-04-19,27 day ahead inc hosp,2021-05-16,quantile,0.5,68.4972991164078
25,2021-04-19,27 day ahead inc hosp,2021-05-16,quantile,0.55,72.91123047165058
25,2021-04-19,27 day ahead inc hosp,2021-05-16,quantile,0.6,76.94578761061005
25,2021-04-19,27 day ahead inc hosp,2021-05-16,quantile,0.65,82.56723776838307
25,2021-04-19,27 day ahead inc hosp,2021-05-16,quantile,0.7,89.47897423556805
25,2021-04-19,27 day ahead inc hosp,2021-05-16,quantile,0.75,95.46129834460153
25,2021-04-19,27 day ahead inc hosp,2021-05-16,quantile,0.8,103.84817797623226
25,2021-04-19,27 day ahead inc hosp,2021-05-16,quantile,0.85,113.30684219379928
25,2021-04-19,27 day ahead inc hosp,2021-05-16,quantile,0.9,126.48271399731271
25,2021-04-19,27 day ahead inc hosp,2021-05-16,quantile,0.95,149.8572764272119
25,2021-04-19,27 day ahead inc hosp,2021-05-16,quantile,0.975,174.25056052960102
25,2021-04-19,27 day ahead inc hosp,2021-05-16,quantile,0.99,198.85891184993054
25,2021-04-19,28 day ahead inc hosp,2021-05-17,quantile,0.01,14.20072502983714
25,2021-04-19,28 day ahead inc hosp,2021-05-17,quantile,0.025,18.79919842378986
25,2021-04-19,28 day ahead inc hosp,2021-05-17,quantile,0.05,25.243781444179234
25,2021-04-19,28 day ahead inc hosp,2021-05-17,quantile,0.1,32.289079742250884
25,2021-04-19,28 day ahead inc hosp,2021-05-17,quantile,0.15,37.54725623226602
25,2021-04-19,28 day ahead inc hosp,2021-05-17,quantile,0.2,43.53524256983775
25,2021-04-19,28 day ahead inc hosp,2021-05-17,quantile,0.25,49.301006626521776
25,2021-04-19,28 day ahead inc hosp,2021-05-17,quantile,0.3,53.28397490390776
25,2021-04-19,28 day ahead inc hosp,2021-05-17,quantile,0.35,55.883038393534385
25,2021-04-19,28 day ahead inc hosp,2021-05-17,quantile,0.4,60.62866979609798
25,2021-04-19,28 day ahead inc hosp,2021-05-17,quantile,0.45,65.23421227159503
25,2021-04-19,28 day ahead inc hosp,2021-05-17,quantile,0.5,69.35049784988367
25,2021-04-19,28 day ahead inc hosp,2021-05-17,quantile,0.55,74.3529954948536
25,2021-04-19,28 day ahead inc hosp,2021-05-17,quantile,0.6,79.79423023472809
25,2021-04-19,28 day ahead inc hosp,2021-05-17,quantile,0.65,84.77573878098319
25,2021-04-19,28 day ahead inc hosp,2021-05-17,quantile,0.7,92.24052393719617
25,2021-04-19,28 day ahead inc hosp,2021-05-17,quantile,0.75,99.76126214008123
25,2021-04-19,28 day ahead inc hosp,2021-05-17,quantile,0.8,106.76183800403248
25,2021-04-19,28 day ahead inc hosp,2021-05-17,quantile,0.85,117.0625578606629
25,2021-04-19,28 day ahead inc hosp,2021-05-17,quantile,0.9,131.38916978341237
25,2021-04-19,28 day ahead inc hosp,2021-05-17,quantile,0.95,156.53853837424444
25,2021-04-19,28 day ahead inc hosp,2021-05-17,quantile,0.975,171.76389811707193
25,2021-04-19,28 day ahead inc hosp,2021-05-17,quantile,0.99,201.99000450285885
25,2021-04-19,1 day ahead inc case,2021-04-20,quantile,0.01,1606.2433584367252
25,2021-04-19,1 day ahead inc case,2021-04-20,quantile,0.025,1636.3907393640295
25,2021-04-19,1 day ahead inc case,2021-04-20,quantile,0.05,1658.558973874728
25,2021-04-19,1 day ahead inc case,2021-04-20,quantile,0.1,1683.1873793101347
25,2021-04-19,1 day ahead inc case,2021-04-20,quantile,0.15,1702.2599865490288
25,2021-04-19,1 day ahead inc case,2021-04-20,quantile,0.2,1719.6633376476495
25,2021-04-19,1 day ahead inc case,2021-04-20,quantile,0.25,1733.6334102390247
25,2021-04-19,1 day ahead inc case,2021-04-20,quantile,0.3,1746.9887097589374
25,2021-04-19,1 day ahead inc case,2021-04-20,quantile,0.35,1757.5016891245905
25,2021-04-19,1 day ahead inc case,2021-04-20,quantile,0.4,1774.0098220037632
25,2021-04-19,1 day ahead inc case,2021-04-20,quantile,0.45,1782.642835984499
25,2021-04-19,1 day ahead inc case,2021-04-20,quantile,0.5,1793.5126731744892
25,2021-04-19,1 day ahead inc case,2021-04-20,quantile,0.55,1803.6642660315765
25,2021-04-19,1 day ahead inc case,2021-04-20,quantile,0.6,1813.7525278503663
25,2021-04-19,1 day ahead inc case,2021-04-20,quantile,0.65,1824.0730886099345
25,2021-04-19,1 day ahead inc case,2021-04-20,quantile,0.7,1835.1530755730491
25,2021-04-19,1 day ahead inc case,2021-04-20,quantile,0.75,1848.5646203578194
25,2021-04-19,1 day ahead inc case,2021-04-20,quantile,0.8,1865.2014671266693
25,2021-04-19,1 day ahead inc case,2021-04-20,quantile,0.85,1880.6021288523925
25,2021-04-19,1 day ahead inc case,2021-04-20,quantile,0.9,1898.278506373223
25,2021-04-19,1 day ahead inc case,2021-04-20,quantile,0.95,1926.6609561573273
25,2021-04-19,1 day ahead inc case,2021-04-20,quantile,0.975,1955.6137867205903
25,2021-04-19,1 day ahead inc case,2021-04-20,quantile,0.99,1985.2898847480387
25,2021-04-19,2 day ahead inc case,2021-04-21,quantile,0.01,1475.9690459090398
25,2021-04-19,2 day ahead inc case,2021-04-21,quantile,0.025,1520.7850558424273
25,2021-04-19,2 day ahead inc case,2021-04-21,quantile,0.05,1561.1373402122967
25,2021-04-19,2 day ahead inc case,2021-04-21,quantile,0.1,1601.5382416330087
25,2021-04-19,2 day ahead inc case,2021-04-21,quantile,0.15,1632.4977692504924
25,2021-04-19,2 day ahead inc case,2021-04-21,quantile,0.2,1659.3360892197454
25,2021-04-19,2 day ahead inc case,2021-04-21,quantile,0.25,1682.3518413350623
25,2021-04-19,2 day ahead inc case,2021-04-21,quantile,0.3,1702.600046877441
25,2021-04-19,2 day ahead inc case,2021-04-21,quantile,0.35,1718.087841403421
25,2021-04-19,2 day ahead inc case,2021-04-21,quantile,0.4,1732.822166984938
25,2021-04-19,2 day ahead inc case,2021-04-21,quantile,0.45,1752.677064904505
25,2021-04-19,2 day ahead inc case,2021-04-21,quantile,0.5,1772.2036920838248
25,2021-04-19,2 day ahead inc case,2021-04-21,quantile,0.55,1785.9173004157508
25,2021-04-19,2 day ahead inc case,2021-04-21,quantile,0.6,1803.5353251434212
25,2021-04-19,2 day ahead inc case,2021-04-21,quantile,0.65,1822.172376693865
25,2021-04-19,2 day ahead inc case,2021-04-21,quantile,0.7,1840.015611324508
25,2021-04-19,2 day ahead inc case,2021-04-21,quantile,0.75,1858.686765167545
25,2021-04-19,2 day ahead inc case,2021-04-21,quantile,0.8,1885.8739360898958
25,2021-04-19,2 day ahead inc case,2021-04-21,quantile,0.85,1913.4194939739148
25,2021-04-19,2 day ahead inc case,2021-04-21,quantile,0.9,1937.198869675818
25,2021-04-19,2 day ahead inc case,2021-04-21,quantile,0.95,1999.1762292927137
25,2021-04-19,2 day ahead inc case,2021-04-21,quantile,0.975,2039.6213110417248
25,2021-04-19,2 day ahead inc case,2021-04-21,quantile,0.99,2124.7376509548017
25,2021-04-19,3 day ahead inc case,2021-04-22,quantile,0.01,1306.9881528470976
25,2021-04-19,3 day ahead inc case,2021-04-22,quantile,0.025,1368.1473726573654
25,2021-04-19,3 day ahead inc case,2021-04-22,quantile,0.05,1406.6192600330255
25,2021-04-19,3 day ahead inc case,2021-04-22,quantile,0.1,1491.5853145346737
25,2021-04-19,3 day ahead inc case,2021-04-22,quantile,0.15,1536.7250431877353
25,2021-04-19,3 day ahead inc case,2021-04-22,quantile,0.2,1574.4281907970974
25,2021-04-19,3 day ahead inc case,2021-04-22,quantile,0.25,1605.6831939893937
25,2021-04-19,3 day ahead inc case,2021-04-22,quantile,0.3,1631.5750426756094
25,2021-04-19,3 day ahead inc case,2021-04-22,quantile,0.35,1656.1716690773121
25,2021-04-19,3 day ahead inc case,2021-04-22,quantile,0.4,1679.3308427604356
25,2021-04-19,3 day ahead inc case,2021-04-22,quantile,0.45,1706.662850943207
25,2021-04-19,3 day ahead inc case,2021-04-22,quantile,0.5,1730.173875698114
25,2021-04-19,3 day ahead inc case,2021-04-22,quantile,0.55,1749.4012119638026
25,2021-04-19,3 day ahead inc case,2021-04-22,quantile,0.6,1773.8543930949857
25,2021-04-19,3 day ahead inc case,2021-04-22,quantile,0.65,1800.5153416309736
25,2021-04-19,3 day ahead inc case,2021-04-22,quantile,0.7,1821.5542903038217
25,2021-04-19,3 day ahead inc case,2021-04-22,quantile,0.75,1848.592437222486
25,2021-04-19,3 day ahead inc case,2021-04-22,quantile,0.8,1880.6259165690867
25,2021-04-19,3 day ahead inc case,2021-04-22,quantile,0.85,1924.7712126605209
25,2021-04-19,3 day ahead inc case,2021-04-22,quantile,0.9,1980.6754870151976
25,2021-04-19,3 day ahead inc case,2021-04-22,quantile,0.95,2070.154387008646
25,2021-04-19,3 day ahead inc case,2021-04-22,quantile,0.975,2137.4006452285184
25,2021-04-19,3 day ahead inc case,2021-04-22,quantile,0.99,2227.76146350079
25,2021-04-19,4 day ahead inc case,2021-04-23,quantile,0.01,1187.9510093238432
25,2021-04-19,4 day ahead inc case,2021-04-23,quantile,0.025,1260.9386677710058
25,2021-04-19,4 day ahead inc case,2021-04-23,quantile,0.05,1353.0889664711817
25,2021-04-19,4 day ahead inc case,2021-04-23,quantile,0.1,1423.2684331225337
25,2021-04-19,4 day ahead inc case,2021-04-23,quantile,0.15,1483.8772056509154
25,2021-04-19,4 day ahead inc case,2021-04-23,quantile,0.2,1525.381215198792
25,2021-04-19,4 day ahead inc case,2021-04-23,quantile,0.25,1559.699691356156
25,2021-04-19,4 day ahead inc case,2021-04-23,quantile,0.3,1590.6461104164507
25,2021-04-19,4 day ahead inc case,2021-04-23,quantile,0.35,1624.4556620983633
25,2021-04-19,4 day ahead inc case,2021-04-23,quantile,0.4,1660.6449939287502
25,2021-04-19,4 day ahead inc case,2021-04-23,quantile,0.45,1686.0769864307624
25,2021-04-19,4 day ahead inc case,2021-04-23,quantile,0.5,1710.7677963079782
25,2021-04-19,4 day ahead inc case,2021-04-23,quantile,0.55,1743.4534249203896
25,2021-04-19,4 day ahead inc case,2021-04-23,quantile,0.6,1776.03597585551
25,2021-04-19,4 day ahead inc case,2021-04-23,quantile,0.65,1811.2001996482647
25,2021-04-19,4 day ahead inc case,2021-04-23,quantile,0.7,1845.5582176727596
25,2021-04-19,4 day ahead inc case,2021-04-23,quantile,0.75,1880.2261086265987
25,2021-04-19,4 day ahead inc case,2021-04-23,quantile,0.8,1925.9982894738723
25,2021-04-19,4 day ahead inc case,2021-04-23,quantile,0.85,1974.4783857860925
25,2021-04-19,4 day ahead inc case,2021-04-23,quantile,0.9,2032.9494905785286
25,2021-04-19,4 day ahead inc case,2021-04-23,quantile,0.95,2156.3614161790374
25,2021-04-19,4 day ahead inc case,2021-04-23,quantile,0.975,2249.7605463857662
25,2021-04-19,4 day ahead inc case,2021-04-23,quantile,0.99,2306.8385936567533
25,2021-04-19,5 day ahead inc case,2021-04-24,quantile,0.01,1070.9946327345858
25,2021-04-19,5 day ahead inc case,2021-04-24,quantile,0.025,1185.1320752990339
25,2021-04-19,5 day ahead inc case,2021-04-24,quantile,0.05,1275.8930188216486
25,2021-04-19,5 day ahead inc case,2021-04-24,quantile,0.1,1359.7029881553885
25,2021-04-19,5 day ahead inc case,2021-04-24,quantile,0.15,1420.6163798129512
25,2021-04-19,5 day ahead inc case,2021-04-24,quantile,0.2,1479.3566109982814
25,2021-04-19,5 day ahead inc case,2021-04-24,quantile,0.25,1525.7428329207248
25,2021-04-19,5 day ahead inc case,2021-04-24,quantile,0.3,1554.5051744978275
25,2021-04-19,5 day ahead inc case,2021-04-24,quantile,0.35,1586.9571598508423
25,2021-04-19,5 day ahead inc case,2021-04-24,quantile,0.4,1628.2324424807841
25,2021-04-19,5 day ahead inc case,2021-04-24,quantile,0.45,1664.8350150833878
25,2021-04-19,5 day ahead inc case,2021-04-24,quantile,0.5,1692.8605862764712
25,2021-04-19,5 day ahead inc case,2021-04-24,quantile,0.55,1730.0943747770432
25,2021-04-19,5 day ahead inc case,2021-04-24,quantile,0.6,1772.051422252836
25,2021-04-19,5 day ahead inc case,2021-04-24,quantile,0.65,1814.250401818876
25,2021-04-19,5 day ahead inc case,2021-04-24,quantile,0.7,1860.8322497120773
25,2021-04-19,5 day ahead inc case,2021-04-24,quantile,0.75,1904.1232680438616
25,2021-04-19,5 day ahead inc case,2021-04-24,quantile,0.8,1947.9950797922947
25,2021-04-19,5 day ahead inc case,2021-04-24,quantile,0.85,2010.1781069728304
25,2021-04-19,5 day ahead inc case,2021-04-24,quantile,0.9,2081.8080123153472
25,2021-04-19,5 day ahead inc case,2021-04-24,quantile,0.95,2217.693671033563
25,2021-04-19,5 day ahead inc case,2021-04-24,quantile,0.975,2338.395738911001
25,2021-04-19,5 day ahead inc case,2021-04-24,quantile,0.99,2487.6128107731897
25,2021-04-19,6 day ahead inc case,2021-04-25,quantile,0.01,1022.6172580637729
25,2021-04-19,6 day ahead inc case,2021-04-25,quantile,0.025,1136.4642864336352
25,2021-04-19,6 day ahead inc case,2021-04-25,quantile,0.05,1229.77158987644
25,2021-04-19,6 day ahead inc case,2021-04-25,quantile,0.1,1320.919692755034
25,2021-04-19,6 day ahead inc case,2021-04-25,quantile,0.15,1409.0656174103913
25,2021-04-19,6 day ahead inc case,2021-04-25,quantile,0.2,1450.3833226757058
25,2021-04-19,6 day ahead inc case,2021-04-25,quantile,0.25,1499.9658105937058
25,2021-04-19,6 day ahead inc case,2021-04-25,quantile,0.3,1540.222733754002
25,2021-04-19,6 day ahead inc case,2021-04-25,quantile,0.35,1580.6010662814206
25,2021-04-19,6 day ahead inc case,2021-04-25,quantile,0.4,1621.5272642720367
25,2021-04-19,6 day ahead inc case,2021-04-25,quantile,0.45,1662.3624761237863
25,2021-04-19,6 day ahead inc case,2021-04-25,quantile,0.5,1702.958644367332
25,2021-04-19,6 day ahead inc case,2021-04-25,quantile,0.55,1739.5532413800922
25,2021-04-19,6 day ahead inc case,2021-04-25,quantile,0.6,1778.196901602768
25,2021-04-19,6 day ahead inc case,2021-04-25,quantile,0.65,1823.3748690989937
25,2021-04-19,6 day ahead inc case,2021-04-25,quantile,0.7,1879.3443311463407
25,2021-04-19,6 day ahead inc case,2021-04-25,quantile,0.75,1939.858612534888
25,2021-04-19,6 day ahead inc case,2021-04-25,quantile,0.8,2010.5213040414483
25,2021-04-19,6 day ahead inc case,2021-04-25,quantile,0.85,2094.7424285152847
25,2021-04-19,6 day ahead inc case,2021-04-25,quantile,0.9,2170.8700110098102
25,2021-04-19,6 day ahead inc case,2021-04-25,quantile,0.95,2310.495039923024
25,2021-04-19,6 day ahead inc case,2021-04-25,quantile,0.975,2429.8068447375636
25,2021-04-19,6 day ahead inc case,2021-04-25,quantile,0.99,2566.9979460131913
25,2021-04-19,7 day ahead inc case,2021-04-26,quantile,0.01,1024.8985611608493
25,2021-04-19,7 day ahead inc case,2021-04-26,quantile,0.025,1095.1926879399791
25,2021-04-19,7 day ahead inc case,2021-04-26,quantile,0.05,1182.689859138158
25,2021-04-19,7 day ahead inc case,2021-04-26,quantile,0.1,1284.113697968327
25,2021-04-19,7 day ahead inc case,2021-04-26,quantile,0.15,1355.8479831305563
25,2021-04-19,7 day ahead inc case,2021-04-26,quantile,0.2,1436.1380395005867
25,2021-04-19,7 day ahead inc case,2021-04-26,quantile,0.25,1483.3423513376822
25,2021-04-19,7 day ahead inc case,2021-04-26,quantile,0.3,1529.9074072579247
25,2021-04-19,7 day ahead inc case,2021-04-26,quantile,0.35,1562.5296339679028
25,2021-04-19,7 day ahead inc case,2021-04-26,quantile,0.4,1606.4751654508682
25,2021-04-19,7 day ahead inc case,2021-04-26,quantile,0.45,1649.9359508201594
25,2021-04-19,7 day ahead inc case,2021-04-26,quantile,0.5,1693.6494879295894
25,2021-04-19,7 day ahead inc case,2021-04-26,quantile,0.55,1738.7845540298415
25,2021-04-19,7 day ahead inc case,2021-04-26,quantile,0.6,1797.8512929698582
25,2021-04-19,7 day ahead inc case,2021-04-26,quantile,0.65,1849.9972111404734
25,2021-04-19,7 day ahead inc case,2021-04-26,quantile,0.7,1913.7387001569052
25,2021-04-19,7 day ahead inc case,2021-04-26,quantile,0.75,1966.6043763333341
25,2021-04-19,7 day ahead inc case,2021-04-26,quantile,0.8,2026.1145429477876
25,2021-04-19,7 day ahead inc case,2021-04-26,quantile,0.85,2111.9942580108855
25,2021-04-19,7 day ahead inc case,2021-04-26,quantile,0.9,2226.128174133408
25,2021-04-19,7 day ahead inc case,2021-04-26,quantile,0.95,2378.204075386829
25,2021-04-19,7 day ahead inc case,2021-04-26,quantile,0.975,2505.3895281925506
25,2021-04-19,7 day ahead inc case,2021-04-26,quantile,0.99,2638.3974872983104
25,2021-04-19,8 day ahead inc case,2021-04-27,quantile,0.01,912.0445364423963
25,2021-04-19,8 day ahead inc case,2021-04-27,quantile,0.025,1033.8371576746472
25,2021-04-19,8 day ahead inc case,2021-04-27,quantile,0.05,1108.8784785197247
25,2021-04-19,8 day ahead inc case,2021-04-27,quantile,0.1,1218.224031198568
25,2021-04-19,8 day ahead inc case,2021-04-27,quantile,0.15,1308.1374298948492
25,2021-04-19,8 day ahead inc case,2021-04-27,quantile,0.2,1367.6819740217836
25,2021-04-19,8 day ahead inc case,2021-04-27,quantile,0.25,1435.0854397277499
25,2021-04-19,8 day ahead inc case,2021-04-27,quantile,0.3,1489.1392598482707
25,2021-04-19,8 day ahead inc case,2021-04-27,quantile,0.35,1531.7429930954434
25,2021-04-19,8 day ahead inc case,2021-04-27,quantile,0.4,1576.7012671369253
25,2021-04-19,8 day ahead inc case,2021-04-27,quantile,0.45,1621.4590351300649
25,2021-04-19,8 day ahead inc case,2021-04-27,quantile,0.5,1674.041706830184
25,2021-04-19,8 day ahead inc case,2021-04-27,quantile,0.55,1732.2773489476488
25,2021-04-19,8 day ahead inc case,2021-04-27,quantile,0.6,1787.1950763752839
25,2021-04-19,8 day ahead inc case,2021-04-27,quantile,0.65,1843.5345624801746
25,2021-04-19,8 day ahead inc case,2021-04-27,quantile,0.7,1907.6378754231139
25,2021-04-19,8 day ahead inc case,2021-04-27,quantile,0.75,1966.5676231620716
25,2021-04-19,8 day ahead inc case,2021-04-27,quantile,0.8,2041.8909604707358
25,2021-04-19,8 day ahead inc case,2021-04-27,quantile,0.85,2136.5682627074234
25,2021-04-19,8 day ahead inc case,2021-04-27,quantile,0.9,2255.613265574242
25,2021-04-19,8 day ahead inc case,2021-04-27,quantile,0.95,2442.8315874234186
25,2021-04-19,8 day ahead inc case,2021-04-27,quantile,0.975,2620.6824906918982
25,2021-04-19,8 day ahead inc case,2021-04-27,quantile,0.99,2784.150588109263
25,2021-04-19,9 day ahead inc case,2021-04-28,quantile,0.01,819.648793597375
25,2021-04-19,9 day ahead inc case,2021-04-28,quantile,0.025,957.8635136544755
25,2021-04-19,9 day ahead inc case,2021-04-28,quantile,0.05,1053.7910566655503
25,2021-04-19,9 day ahead inc case,2021-04-28,quantile,0.1,1159.8312822684713
25,2021-04-19,9 day ahead inc case,2021-04-28,quantile,0.15,1249.3656148551122
25,2021-04-19,9 day ahead inc case,2021-04-28,quantile,0.2,1317.9979631147005
25,2021-04-19,9 day ahead inc case,2021-04-28,quantile,0.25,1383.4786040100157
25,2021-04-19,9 day ahead inc case,2021-04-28,quantile,0.3,1436.94415211288
25,2021-04-19,9 day ahead inc case,2021-04-28,quantile,0.35,1499.0633089634016
25,2021-04-19,9 day ahead inc case,2021-04-28,quantile,0.4,1551.7053739193138
25,2021-04-19,9 day ahead inc case,2021-04-28,quantile,0.45,1608.4088887172038
25,2021-04-19,9 day ahead inc case,2021-04-28,quantile,0.5,1666.7257835003138
25,2021-04-19,9 day ahead inc case,2021-04-28,quantile,0.55,1715.0763763095383
25,2021-04-19,9 day ahead inc case,2021-04-28,quantile,0.6,1791.4364937728274
25,2021-04-19,9 day ahead inc case,2021-04-28,quantile,0.65,1850.640535940843
25,2021-04-19,9 day ahead inc case,2021-04-28,quantile,0.7,1926.2918347133102
25,2021-04-19,9 day ahead inc case,2021-04-28,quantile,0.75,1995.2083782998106
25,2021-04-19,9 day ahead inc case,2021-04-28,quantile,0.8,2064.9179629160503
25,2021-04-19,9 day ahead inc case,2021-04-28,quantile,0.85,2156.7305743428315
25,2021-04-19,9 day ahead inc case,2021-04-28,quantile,0.9,2305.5166032670654
25,2021-04-19,9 day ahead inc case,2021-04-28,quantile,0.95,2505.963370319726
25,2021-04-19,9 day ahead inc case,2021-04-28,quantile,0.975,2706.362611173114
25,2021-04-19,9 day ahead inc case,2021-04-28,quantile,0.99,2926.6995476889415
25,2021-04-19,10 day ahead inc case,2021-04-29,quantile,0.01,740.043358057137
25,2021-04-19,10 day ahead inc case,2021-04-29,quantile,0.025,925.4750830185174
25,2021-04-19,10 day ahead inc case,2021-04-29,quantile,0.05,999.4163427653116
25,2021-04-19,10 day ahead inc case,2021-04-29,quantile,0.1,1099.8782366959308
25,2021-04-19,10 day ahead inc case,2021-04-29,quantile,0.15,1176.730699886574
25,2021-04-19,10 day ahead inc case,2021-04-29,quantile,0.2,1258.9074469179977
25,2021-04-19,10 day ahead inc case,2021-04-29,quantile,0.25,1325.0280580509534
25,2021-04-19,10 day ahead inc case,2021-04-29,quantile,0.3,1387.9593595604092
25,2021-04-19,10 day ahead inc case,2021-04-29,quantile,0.35,1460.963784383503
25,2021-04-19,10 day ahead inc case,2021-04-29,quantile,0.4,1522.3818819647265
25,2021-04-19,10 day ahead inc case,2021-04-29,quantile,0.45,1587.5178613162275
25,2021-04-19,10 day ahead inc case,2021-04-29,quantile,0.5,1646.1898094088715
25,2021-04-19,10 day ahead inc case,2021-04-29,quantile,0.55,1701.4507223726757
25,2021-04-19,10 day ahead inc case,2021-04-29,quantile,0.6,1761.5089527327177
25,2021-04-19,10 day ahead inc case,2021-04-29,quantile,0.65,1861.2720439975346
25,2021-04-19,10 day ahead inc case,2021-04-29,quantile,0.7,1926.9407437210682
25,2021-04-19,10 day ahead inc case,2021-04-29,quantile,0.75,2004.1028944529783
25,2021-04-19,10 day ahead inc case,2021-04-29,quantile,0.8,2072.590555285501
25,2021-04-19,10 day ahead inc case,2021-04-29,quantile,0.85,2194.5209496412463
25,2021-04-19,10 day ahead inc case,2021-04-29,quantile,0.9,2338.3043031006114
25,2021-04-19,10 day ahead inc case,2021-04-29,quantile,0.95,2591.245505884072
25,2021-04-19,10 day ahead inc case,2021-04-29,quantile,0.975,2808.519796040663
25,2021-04-19,10 day ahead inc case,2021-04-29,quantile,0.99,3043.9500527324567
25,2021-04-19,11 day ahead inc case,2021-04-30,quantile,0.01,684.1624905333375
25,2021-04-19,11 day ahead inc case,2021-04-30,quantile,0.025,875.0074998179479
25,2021-04-19,11 day ahead inc case,2021-04-30,quantile,0.05,951.9843879937671
25,2021-04-19,11 day ahead inc case,2021-04-30,quantile,0.1,1070.0559452562889
25,2021-04-19,11 day ahead inc case,2021-04-30,quantile,0.15,1152.6017906254874
25,2021-04-19,11 day ahead inc case,2021-04-30,quantile,0.2,1225.6471002689439
25,2021-04-19,11 day ahead inc case,2021-04-30,quantile,0.25,1303.4533582181025
25,2021-04-19,11 day ahead inc case,2021-04-30,quantile,0.3,1374.8411662519493
25,2021-04-19,11 day ahead inc case,2021-04-30,quantile,0.35,1442.3847880604922
25,2021-04-19,11 day ahead inc case,2021-04-30,quantile,0.4,1511.068353968389
25,2021-04-19,11 day ahead inc case,2021-04-30,quantile,0.45,1580.6180344076681
25,2021-04-19,11 day ahead inc case,2021-04-30,quantile,0.5,1638.4834881802358
25,2021-04-19,11 day ahead inc case,2021-04-30,quantile,0.55,1711.998023709487
25,2021-04-19,11 day ahead inc case,2021-04-30,quantile,0.6,1783.6540557339076
25,2021-04-19,11 day ahead inc case,2021-04-30,quantile,0.65,1874.1174042762827
25,2021-04-19,11 day ahead inc case,2021-04-30,quantile,0.7,1941.9221822869151
25,2021-04-19,11 day ahead inc case,2021-04-30,quantile,0.75,2046.0407885621732
25,2021-04-19,11 day ahead inc case,2021-04-30,quantile,0.8,2128.5564770229184
25,2021-04-19,11 day ahead inc case,2021-04-30,quantile,0.85,2240.0008085847244
25,2021-04-19,11 day ahead inc case,2021-04-30,quantile,0.9,2421.151612598356
25,2021-04-19,11 day ahead inc case,2021-04-30,quantile,0.95,2668.088481534856
25,2021-04-19,11 day ahead inc case,2021-04-30,quantile,0.975,2925.5515679725786
25,2021-04-19,11 day ahead inc case,2021-04-30,quantile,0.99,3188.906360585222
25,2021-04-19,12 day ahead inc case,2021-05-01,quantile,0.01,628.241390831943
25,2021-04-19,12 day ahead inc case,2021-05-01,quantile,0.025,801.7177403996685
25,2021-04-19,12 day ahead inc case,2021-05-01,quantile,0.05,898.8989908961661
25,2021-04-19,12 day ahead inc case,2021-05-01,quantile,0.1,1011.5008577853836
25,2021-04-19,12 day ahead inc case,2021-05-01,quantile,0.15,1108.0301894032575
25,2021-04-19,12 day ahead inc case,2021-05-01,quantile,0.2,1189.4271370742665
25,2021-04-19,12 day ahead inc case,2021-05-01,quantile,0.25,1283.4057183819439
25,2021-04-19,12 day ahead inc case,2021-05-01,quantile,0.3,1355.3458448754623
25,2021-04-19,12 day ahead inc case,2021-05-01,quantile,0.35,1408.2285993925589
25,2021-04-19,12 day ahead inc case,2021-05-01,quantile,0.4,1479.5564277916149
25,2021-04-19,12 day ahead inc case,2021-05-01,quantile,0.45,1547.3008440805045
25,2021-04-19,12 day ahead inc case,2021-05-01,quantile,0.5,1637.0246296901885
25,2021-04-19,12 day ahead inc case,2021-05-01,quantile,0.55,1710.9192214881286
25,2021-04-19,12 day ahead inc case,2021-05-01,quantile,0.6,1795.8701237646671
25,2021-04-19,12 day ahead inc case,2021-05-01,quantile,0.65,1872.443843581299
25,2021-04-19,12 day ahead inc case,2021-05-01,quantile,0.7,1944.5154792956714
25,2021-04-19,12 day ahead inc case,2021-05-01,quantile,0.75,2045.6873771748826
25,2021-04-19,12 day ahead inc case,2021-05-01,quantile,0.8,2144.585109180534
25,2021-04-19,12 day ahead inc case,2021-05-01,quantile,0.85,2287.6713479428145
25,2021-04-19,12 day ahead inc case,2021-05-01,quantile,0.9,2433.340870792195
25,2021-04-19,12 day ahead inc case,2021-05-01,quantile,0.95,2740.7680339707995
25,2021-04-19,12 day ahead inc case,2021-05-01,quantile,0.975,3033.2055946332684
25,2021-04-19,12 day ahead inc case,2021-05-01,quantile,0.99,3398.028993116956
25,2021-04-19,13 day ahead inc case,2021-05-02,quantile,0.01,625.6760945096992
25,2021-04-19,13 day ahead inc case,2021-05-02,quantile,0.025,764.7384547906678
25,2021-04-19,13 day ahead inc case,2021-05-02,quantile,0.05,843.9474365811442
25,2021-04-19,13 day ahead inc case,2021-05-02,quantile,0.1,969.3872036861026
25,2021-04-19,13 day ahead inc case,2021-05-02,quantile,0.15,1065.8597744640897
25,2021-04-19,13 day ahead inc case,2021-05-02,quantile,0.2,1160.3742358611667
25,2021-04-19,13 day ahead inc case,2021-05-02,quantile,0.25,1239.8475081952413
25,2021-04-19,13 day ahead inc case,2021-05-02,quantile,0.3,1314.9002858595175
25,2021-04-19,13 day ahead inc case,2021-05-02,quantile,0.35,1393.4507966502867
25,2021-04-19,13 day ahead inc case,2021-05-02,quantile,0.4,1459.424607892789
25,2021-04-19,13 day ahead inc case,2021-05-02,quantile,0.45,1528.6274138729746
25,2021-04-19,13 day ahead inc case,2021-05-02,quantile,0.5,1619.3771689363564
25,2021-04-19,13 day ahead inc case,2021-05-02,quantile,0.55,1692.3772390073245
25,2021-04-19,13 day ahead inc case,2021-05-02,quantile,0.6,1778.0648367350057
25,2021-04-19,13 day ahead inc case,2021-05-02,quantile,0.65,1851.683282585053
25,2021-04-19,13 day ahead inc case,2021-05-02,quantile,0.7,1946.9164449198145
25,2021-04-19,13 day ahead inc case,2021-05-02,quantile,0.75,2046.0802847609516
25,2021-04-19,13 day ahead inc case,2021-05-02,quantile,0.8,2169.766215074319
25,2021-04-19,13 day ahead inc case,2021-05-02,quantile,0.85,2300.873552326236
25,2021-04-19,13 day ahead inc case,2021-05-02,quantile,0.9,2499.574504149866
25,2021-04-19,13 day ahead inc case,2021-05-02,quantile,0.95,2828.000498300467
25,2021-04-19,13 day ahead inc case,2021-05-02,quantile,0.975,3039.1409743154413
25,2021-04-19,13 day ahead inc case,2021-05-02,quantile,0.99,3481.4828051904406
25,2021-04-19,14 day ahead inc case,2021-05-03,quantile,0.01,627.9435191565234
25,2021-04-19,14 day ahead inc case,2021-05-03,quantile,0.025,703.1296400161788
25,2021-04-19,14 day ahead inc case,2021-05-03,quantile,0.05,812.5110523310634
25,2021-04-19,14 day ahead inc case,2021-05-03,quantile,0.1,941.8665458133408
25,2021-04-19,14 day ahead inc case,2021-05-03,quantile,0.15,1055.893421213169
25,2021-04-19,14 day ahead inc case,2021-05-03,quantile,0.2,1148.2496951897904
25,2021-04-19,14 day ahead inc case,2021-05-03,quantile,0.25,1225.8484163310127
25,2021-04-19,14 day ahead inc case,2021-05-03,quantile,0.3,1300.7360265172829
25,2021-04-19,14 day ahead inc case,2021-05-03,quantile,0.35,1389.1574841080671
25,2021-04-19,14 day ahead inc case,2021-05-03,quantile,0.4,1461.5262355499801
25,2021-04-19,14 day ahead inc case,2021-05-03,quantile,0.45,1547.4469270281734
25,2021-04-19,14 day ahead inc case,2021-05-03,quantile,0.5,1619.4704270510567
25,2021-04-19,14 day ahead inc case,2021-05-03,quantile,0.55,1684.989473425416
25,2021-04-19,14 day ahead inc case,2021-05-03,quantile,0.6,1756.030746147589
25,2021-04-19,14 day ahead inc case,2021-05-03,quantile,0.65,1857.0881373193458
25,2021-04-19,14 day ahead inc case,2021-05-03,quantile,0.7,1960.6624320162377
25,2021-04-19,14 day ahead inc case,2021-05-03,quantile,0.75,2075.276234169078
25,2021-04-19,14 day ahead inc case,2021-05-03,quantile,0.8,2205.4617483671996
25,2021-04-19,14 day ahead inc case,2021-05-03,quantile,0.85,2339.0500329256183
25,2021-04-19,14 day ahead inc case,2021-05-03,quantile,0.9,2583.050545050889
25,2021-04-19,14 day ahead inc case,2021-05-03,quantile,0.95,2872.209990280044
25,2021-04-19,14 day ahead inc case,2021-05-03,quantile,0.975,3194.71107170199
25,2021-04-19,14 day ahead inc case,2021-05-03,quantile,0.99,3572.6150599994066
25,2021-04-19,15 day ahead inc case,2021-05-04,quantile,0.01,542.4820540095161
25,2021-04-19,15 day ahead inc case,2021-05-04,quantile,0.025,657.723023005629
25,2021-04-19,15 day ahead inc case,2021-05-04,quantile,0.05,755.8610738292822
25,2021-04-19,15 day ahead inc case,2021-05-04,quantile,0.1,894.3560542492256
25,2021-04-19,15 day ahead inc case,2021-05-04,quantile,0.15,1022.6453041477093
25,2021-04-19,15 day ahead inc case,2021-05-04,quantile,0.2,1105.2633557849383
25,2021-04-19,15 day ahead inc case,2021-05-04,quantile,0.25,1178.3516597313148
25,2021-04-19,15 day ahead inc case,2021-05-04,quantile,0.3,1255.4395058267019
25,2021-04-19,15 day ahead inc case,2021-05-04,quantile,0.35,1359.5880572060194
25,2021-04-19,15 day ahead inc case,2021-05-04,quantile,0.4,1444.1490606327764
25,2021-04-19,15 day ahead inc case,2021-05-04,quantile,0.45,1512.3029612023577
25,2021-04-19,15 day ahead inc case,2021-05-04,quantile,0.5,1590.0635992685045
25,2021-04-19,15 day ahead inc case,2021-05-04,quantile,0.55,1671.1433799867973
25,2021-04-19,15 day ahead inc case,2021-05-04,quantile,0.6,1759.0909352515173
25,2021-04-19,15 day ahead inc case,2021-05-04,quantile,0.65,1858.1555314863667
25,2021-04-19,15 day ahead inc case,2021-05-04,quantile,0.7,1960.3279375425209
25,2021-04-19,15 day ahead inc case,2021-05-04,quantile,0.75,2066.7294093672635
25,2021-04-19,15 day ahead inc case,2021-05-04,quantile,0.8,2223.1245650266137
25,2021-04-19,15 day ahead inc case,2021-05-04,quantile,0.85,2395.06339503004
25,2021-04-19,15 day ahead inc case,2021-05-04,quantile,0.9,2631.9390993754564
25,2021-04-19,15 day ahead inc case,2021-05-04,quantile,0.95,3007.2709085223805
25,2021-04-19,15 day ahead inc case,2021-05-04,quantile,0.975,3252.700882490658
25,2021-04-19,15 day ahead inc case,2021-05-04,quantile,0.99,3756.755466084627
25,2021-04-19,16 day ahead inc case,2021-05-05,quantile,0.01,506.81403805005357
25,2021-04-19,16 day ahead inc case,2021-05-05,quantile,0.025,588.8205295189191
25,2021-04-19,16 day ahead inc case,2021-05-05,quantile,0.05,721.733919421888
25,2021-04-19,16 day ahead inc case,2021-05-05,quantile,0.1,859.9452284021384
25,2021-04-19,16 day ahead inc case,2021-05-05,quantile,0.15,983.02205177282
25,2021-04-19,16 day ahead inc case,2021-05-05,quantile,0.2,1075.757415856438
25,2021-04-19,16 day ahead inc case,2021-05-05,quantile,0.25,1156.2361438379085
25,2021-04-19,16 day ahead inc case,2021-05-05,quantile,0.3,1258.3375696733494
25,2021-04-19,16 day ahead inc case,2021-05-05,quantile,0.35,1331.3998788955314
25,2021-04-19,16 day ahead inc case,2021-05-05,quantile,0.4,1421.622606595418
25,2021-04-19,16 day ahead inc case,2021-05-05,quantile,0.45,1505.8149506676662
25,2021-04-19,16 day ahead inc case,2021-05-05,quantile,0.5,1589.0150604575945
25,2021-04-19,16 day ahead inc case,2021-05-05,quantile,0.55,1679.8306616564666
25,2021-04-19,16 day ahead inc case,2021-05-05,quantile,0.6,1772.7592807870503
25,2021-04-19,16 day ahead inc case,2021-05-05,quantile,0.65,1860.5085735623206
25,2021-04-19,16 day ahead inc case,2021-05-05,quantile,0.7,1971.5701880464828
25,2021-04-19,16 day ahead inc case,2021-05-05,quantile,0.75,2108.7116957314065
25,2021-04-19,16 day ahead inc case,2021-05-05,quantile,0.8,2290.4721866467626
25,2021-04-19,16 day ahead inc case,2021-05-05,quantile,0.85,2459.0512687820155
25,2021-04-19,16 day ahead inc case,2021-05-05,quantile,0.9,2733.325174786194
25,2021-04-19,16 day ahead inc case,2021-05-05,quantile,0.95,3086.321513329622
25,2021-04-19,16 day ahead inc case,2021-05-05,quantile,0.975,3392.7711055790114
25,2021-04-19,16 day ahead inc case,2021-05-05,quantile,0.99,3874.496159550821
25,2021-04-19,17 day ahead inc case,2021-05-06,quantile,0.01,425.78909459948494
25,2021-04-19,17 day ahead inc case,2021-05-06,quantile,0.025,556.734007045788
25,2021-04-19,17 day ahead inc case,2021-05-06,quantile,0.05,674.436630711309
25,2021-04-19,17 day ahead inc case,2021-05-06,quantile,0.1,824.0299228615199
25,2021-04-19,17 day ahead inc case,2021-05-06,quantile,0.15,946.4387192010674
25,2021-04-19,17 day ahead inc case,2021-05-06,quantile,0.2,1040.4946595188828
25,2021-04-19,17 day ahead inc case,2021-05-06,quantile,0.25,1134.9004332639458
25,2021-04-19,17 day ahead inc case,2021-05-06,quantile,0.3,1222.1389084041366
25,2021-04-19,17 day ahead inc case,2021-05-06,quantile,0.35,1311.3994211218962
25,2021-04-19,17 day ahead inc case,2021-05-06,quantile,0.4,1405.8258472052123
25,2021-04-19,17 day ahead inc case,2021-05-06,quantile,0.45,1483.249718423017
25,2021-04-19,17 day ahead inc case,2021-05-06,quantile,0.5,1567.662280522343
25,2021-04-19,17 day ahead inc case,2021-05-06,quantile,0.55,1664.6122583001697
25,2021-04-19,17 day ahead inc case,2021-05-06,quantile,0.6,1739.0157162593302
25,2021-04-19,17 day ahead inc case,2021-05-06,quantile,0.65,1865.9638863675332
25,2021-04-19,17 day ahead inc case,2021-05-06,quantile,0.7,1973.634846434552
25,2021-04-19,17 day ahead inc case,2021-05-06,quantile,0.75,2133.1341321048185
25,2021-04-19,17 day ahead inc case,2021-05-06,quantile,0.8,2269.8620347966958
25,2021-04-19,17 day ahead inc case,2021-05-06,quantile,0.85,2467.3256111159444
25,2021-04-19,17 day ahead inc case,2021-05-06,quantile,0.9,2752.0185755175985
25,2021-04-19,17 day ahead inc case,2021-05-06,quantile,0.95,3118.5218425238263
25,2021-04-19,17 day ahead inc case,2021-05-06,quantile,0.975,3531.888142586908
25,2021-04-19,17 day ahead inc case,2021-05-06,quantile,0.99,4059.2766226844933
25,2021-04-19,18 day ahead inc case,2021-05-07,quantile,0.01,392.17149167632243
25,2021-04-19,18 day ahead inc case,2021-05-07,quantile,0.025,499.0783414397068
25,2021-04-19,18 day ahead inc case,2021-05-07,quantile,0.05,643.3992260280605
25,2021-04-19,18 day ahead inc case,2021-05-07,quantile,0.1,791.2092190992454
25,2021-04-19,18 day ahead inc case,2021-05-07,quantile,0.15,917.2395810534297
25,2021-04-19,18 day ahead inc case,2021-05-07,quantile,0.2,1024.5386941436286
25,2021-04-19,18 day ahead inc case,2021-05-07,quantile,0.25,1116.6866674787343
25,2021-04-19,18 day ahead inc case,2021-05-07,quantile,0.3,1217.1784667586544
25,2021-04-19,18 day ahead inc case,2021-05-07,quantile,0.35,1313.8409538531528
25,2021-04-19,18 day ahead inc case,2021-05-07,quantile,0.4,1385.9650052853788
25,2021-04-19,18 day ahead inc case,2021-05-07,quantile,0.45,1493.4136639210985
25,2021-04-19,18 day ahead inc case,2021-05-07,quantile,0.5,1579.7282145047398
25,2021-04-19,18 day ahead inc case,2021-05-07,quantile,0.55,1671.780882431634
25,2021-04-19,18 day ahead inc case,2021-05-07,quantile,0.6,1767.3037691341503
25,2021-04-19,18 day ahead inc case,2021-05-07,quantile,0.65,1874.933736642452
25,2021-04-19,18 day ahead inc case,2021-05-07,quantile,0.7,1994.4802278540265
25,2021-04-19,18 day ahead inc case,2021-05-07,quantile,0.75,2164.0593493103856
25,2021-04-19,18 day ahead inc case,2021-05-07,quantile,0.8,2329.316983567951
25,2021-04-19,18 day ahead inc case,2021-05-07,quantile,0.85,2556.446431353023
25,2021-04-19,18 day ahead inc case,2021-05-07,quantile,0.9,2813.224772520273
25,2021-04-19,18 day ahead inc case,2021-05-07,quantile,0.95,3232.604416727791
25,2021-04-19,18 day ahead inc case,2021-05-07,quantile,0.975,3662.086703124453
25,2021-04-19,18 day ahead inc case,2021-05-07,quantile,0.99,4216.2004347008915
25,2021-04-19,19 day ahead inc case,2021-05-08,quantile,0.01,352.5904299817505
25,2021-04-19,19 day ahead inc case,2021-05-08,quantile,0.025,471.77611594000274
25,2021-04-19,19 day ahead inc case,2021-05-08,quantile,0.05,596.9036889298096
25,2021-04-19,19 day ahead inc case,2021-05-08,quantile,0.1,750.7364858305305
25,2021-04-19,19 day ahead inc case,2021-05-08,quantile,0.15,897.3461497047426
25,2021-04-19,19 day ahead inc case,2021-05-08,quantile,0.2,1001.5857214951851
25,2021-04-19,19 day ahead inc case,2021-05-08,quantile,0.25,1102.623598496661
25,2021-04-19,19 day ahead inc case,2021-05-08,quantile,0.3,1198.0208828819248
25,2021-04-19,19 day ahead inc case,2021-05-08,quantile,0.35,1284.2721746071602
25,2021-04-19,19 day ahead inc case,2021-05-08,quantile,0.4,1367.1351745784034
25,2021-04-19,19 day ahead inc case,2021-05-08,quantile,0.45,1456.0265395201488
25,2021-04-19,19 day ahead inc case,2021-05-08,quantile,0.5,1557.7682765354152
25,2021-04-19,19 day ahead inc case,2021-05-08,quantile,0.55,1691.2717194454515
25,2021-04-19,19 day ahead inc case,2021-05-08,quantile,0.6,1760.850520905487
25,2021-04-19,19 day ahead inc case,2021-05-08,quantile,0.65,1879.9657673851266
25,2021-04-19,19 day ahead inc case,2021-05-08,quantile,0.7,2008.9318236881195
25,2021-04-19,19 day ahead inc case,2021-05-08,quantile,0.75,2196.3790229530264
25,2021-04-19,19 day ahead inc case,2021-05-08,quantile,0.8,2379.2956049147037
25,2021-04-19,19 day ahead inc case,2021-05-08,quantile,0.85,2581.0937564297597
25,2021-04-19,19 day ahead inc case,2021-05-08,quantile,0.9,2887.977967260322
25,2021-04-19,19 day ahead inc case,2021-05-08,quantile,0.95,3356.210677442021
25,2021-04-19,19 day ahead inc case,2021-05-08,quantile,0.975,3709.4391109767444
25,2021-04-19,19 day ahead inc case,2021-05-08,quantile,0.99,4545.676012220988
25,2021-04-19,20 day ahead inc case,2021-05-09,quantile,0.01,337.8497353080769
25,2021-04-19,20 day ahead inc case,2021-05-09,quantile,0.025,455.2263857201004
25,2021-04-19,20 day ahead inc case,2021-05-09,quantile,0.05,592.317361502897
25,2021-04-19,20 day ahead inc case,2021-05-09,quantile,0.1,756.050069786778
25,2021-04-19,20 day ahead inc case,2021-05-09,quantile,0.15,883.7855503041224
25,2021-04-19,20 day ahead inc case,2021-05-09,quantile,0.2,978.1025603865951
25,2021-04-19,20 day ahead inc case,2021-05-09,quantile,0.25,1096.596290619235
25,2021-04-19,20 day ahead inc case,2021-05-09,quantile,0.3,1190.0453472421796
25,2021-04-19,20 day ahead inc case,2021-05-09,quantile,0.35,1267.930932308557
25,2021-04-19,20 day ahead inc case,2021-05-09,quantile,0.4,1373.6962183675196
25,2021-04-19,20 day ahead inc case,2021-05-09,quantile,0.45,1450.6414200557435
25,2021-04-19,20 day ahead inc case,2021-05-09,quantile,0.5,1545.2563101881701
25,2021-04-19,20 day ahead inc case,2021-05-09,quantile,0.55,1673.3927498169098
25,2021-04-19,20 day ahead inc case,2021-05-09,quantile,0.6,1787.1206050585006
25,2021-04-19,20 day ahead inc case,2021-05-09,quantile,0.65,1888.7355986667405
25,2021-04-19,20 day ahead inc case,2021-05-09,quantile,0.7,2036.4533129593801
25,2021-04-19,20 day ahead inc case,2021-05-09,quantile,0.75,2221.308407927169
25,2021-04-19,20 day ahead inc case,2021-05-09,quantile,0.8,2409.65715523291
25,2021-04-19,20 day ahead inc case,2021-05-09,quantile,0.85,2647.4883858849944
25,2021-04-19,20 day ahead inc case,2021-05-09,quantile,0.9,2978.825932405492
25,2021-04-19,20 day ahead inc case,2021-05-09,quantile,0.95,3455.9564303923376
25,2021-04-19,20 day ahead inc case,2021-05-09,quantile,0.975,3899.776478626027
25,2021-04-19,20 day ahead inc case,2021-05-09,quantile,0.99,4585.076059703309
25,2021-04-19,21 day ahead inc case,2021-05-10,quantile,0.01,315.3248668020892
25,2021-04-19,21 day ahead inc case,2021-05-10,quantile,0.025,458.4205026992066
25,2021-04-19,21 day ahead inc case,2021-05-10,quantile,0.05,562.5691083567895
25,2021-04-19,21 day ahead inc case,2021-05-10,quantile,0.1,713.328240913083
25,2021-04-19,21 day ahead inc case,2021-05-10,quantile,0.15,848.4060854245411
25,2021-04-19,21 day ahead inc case,2021-05-10,quantile,0.2,964.6673871224549
25,2021-04-19,21 day ahead inc case,2021-05-10,quantile,0.25,1074.9357061761104
25,2021-04-19,21 day ahead inc case,2021-05-10,quantile,0.3,1191.8718572271243
25,2021-04-19,21 day ahead inc case,2021-05-10,quantile,0.35,1289.1208392850901
25,2021-04-19,21 day ahead inc case,2021-05-10,quantile,0.4,1373.6180805642816
25,2021-04-19,21 day ahead inc case,2021-05-10,quantile,0.45,1454.484207775949
25,2021-04-19,21 day ahead inc case,2021-05-10,quantile,0.5,1561.5210544073288
25,2021-04-19,21 day ahead inc case,2021-05-10,quantile,0.55,1682.9935540500342
25,2021-04-19,21 day ahead inc case,2021-05-10,quantile,0.6,1795.75397713784
25,2021-04-19,21 day ahead inc case,2021-05-10,quantile,0.65,1904.9192083457092
25,2021-04-19,21 day ahead inc case,2021-05-10,quantile,0.7,2061.323701902882
25,2021-04-19,21 day ahead inc case,2021-05-10,quantile,0.75,2244.9556922014863
25,2021-04-19,21 day ahead inc case,2021-05-10,quantile,0.8,2460.552215512574
25,2021-04-19,21 day ahead inc case,2021-05-10,quantile,0.85,2728.1064005734024
25,2021-04-19,21 day ahead inc case,2021-05-10,quantile,0.9,3063.9198234369305
25,2021-04-19,21 day ahead inc case,2021-05-10,quantile,0.95,3550.1346764118357
25,2021-04-19,21 day ahead inc case,2021-05-10,quantile,0.975,4110.311169484052
25,2021-04-19,21 day ahead inc case,2021-05-10,quantile,0.99,4921.848546433986
25,2021-04-19,22 day ahead inc case,2021-05-11,quantile,0.01,270.36252078352646
25,2021-04-19,22 day ahead inc case,2021-05-11,quantile,0.025,423.0825778889903
25,2021-04-19,22 day ahead inc case,2021-05-11,quantile,0.05,548.8684870216515
25,2021-04-19,22 day ahead inc case,2021-05-11,quantile,0.1,677.0952889582595
25,2021-04-19,22 day ahead inc case,2021-05-11,quantile,0.15,809.4908872937632
25,2021-04-19,22 day ahead inc case,2021-05-11,quantile,0.2,936.6527928147419
25,2021-04-19,22 day ahead inc case,2021-05-11,quantile,0.25,1041.9435114947225
25,2021-04-19,22 day ahead inc case,2021-05-11,quantile,0.3,1168.3074524003378
25,2021-04-19,22 day ahead inc case,2021-05-11,quantile,0.35,1279.1478174032836
25,2021-04-19,22 day ahead inc case,2021-05-11,quantile,0.4,1357.8461908782508
25,2021-04-19,22 day ahead inc case,2021-05-11,quantile,0.45,1452.835124983777
25,2021-04-19,22 day ahead inc case,2021-05-11,quantile,0.5,1540.5609604294698
25,2021-04-19,22 day ahead inc case,2021-05-11,quantile,0.55,1678.2206458842359
25,2021-04-19,22 day ahead inc case,2021-05-11,quantile,0.6,1789.4404217255433
25,2021-04-19,22 day ahead inc case,2021-05-11,quantile,0.65,1911.4648599397028
25,2021-04-19,22 day ahead inc case,2021-05-11,quantile,0.7,2072.466451486049
25,2021-04-19,22 day ahead inc case,2021-05-11,quantile,0.75,2276.468935705393
25,2021-04-19,22 day ahead inc case,2021-05-11,quantile,0.8,2511.436853297263
25,2021-04-19,22 day ahead inc case,2021-05-11,quantile,0.85,2819.984695455922
25,2021-04-19,22 day ahead inc case,2021-05-11,quantile,0.9,3099.011351022913
25,2021-04-19,22 day ahead inc case,2021-05-11,quantile,0.95,3632.708565333279
25,2021-04-19,22 day ahead inc case,2021-05-11,quantile,0.975,4271.110452654699
25,2021-04-19,22 day ahead inc case,2021-05-11,quantile,0.99,5213.316233250862
25,2021-04-19,23 day ahead inc case,2021-05-12,quantile,0.01,252.42034803506976
25,2021-04-19,23 day ahead inc case,2021-05-12,quantile,0.025,392.7749793011774
25,2021-04-19,23 day ahead inc case,2021-05-12,quantile,0.05,523.9380783163841
25,2021-04-19,23 day ahead inc case,2021-05-12,quantile,0.1,660.2291379993
25,2021-04-19,23 day ahead inc case,2021-05-12,quantile,0.15,781.8933431731485
25,2021-04-19,23 day ahead inc case,2021-05-12,quantile,0.2,918.0927140200944
25,2021-04-19,23 day ahead inc case,2021-05-12,quantile,0.25,1031.0012004300452
25,2021-04-19,23 day ahead inc case,2021-05-12,quantile,0.3,1156.1496647483937
25,2021-04-19,23 day ahead inc case,2021-05-12,quantile,0.35,1255.2993170492484
25,2021-04-19,23 day ahead inc case,2021-05-12,quantile,0.4,1361.1363278826022
25,2021-04-19,23 day ahead inc case,2021-05-12,quantile,0.45,1464.896801106373
25,2021-04-19,23 day ahead inc case,2021-05-12,quantile,0.5,1551.3794012784026
25,2021-04-19,23 day ahead inc case,2021-05-12,quantile,0.55,1688.7514217264963
25,2021-04-19,23 day ahead inc case,2021-05-12,quantile,0.6,1788.6264615251919
25,2021-04-19,23 day ahead inc case,2021-05-12,quantile,0.65,1950.6980093805369
25,2021-04-19,23 day ahead inc case,2021-05-12,quantile,0.7,2110.9961598953673
25,2021-04-19,23 day ahead inc case,2021-05-12,quantile,0.75,2332.605797871182
25,2021-04-19,23 day ahead inc case,2021-05-12,quantile,0.8,2609.2407127230395
25,2021-04-19,23 day ahead inc case,2021-05-12,quantile,0.85,2846.7301219291912
25,2021-04-19,23 day ahead inc case,2021-05-12,quantile,0.9,3166.2909239634355
25,2021-04-19,23 day ahead inc case,2021-05-12,quantile,0.95,3886.5256534458863
25,2021-04-19,23 day ahead inc case,2021-05-12,quantile,0.975,4424.114722623099
25,2021-04-19,23 day ahead inc case,2021-05-12,quantile,0.99,5406.346169987796
25,2021-04-19,24 day ahead inc case,2021-05-13,quantile,0.01,233.91429246700724
25,2021-04-19,24 day ahead inc case,2021-05-13,quantile,0.025,367.94021765254365
25,2021-04-19,24 day ahead inc case,2021-05-13,quantile,0.05,472.73143377122216
25,2021-04-19,24 day ahead inc case,2021-05-13,quantile,0.1,634.7501800096244
25,2021-04-19,24 day ahead inc case,2021-05-13,quantile,0.15,776.1304026181742
25,2021-04-19,24 day ahead inc case,2021-05-13,quantile,0.2,896.3394073233574
25,2021-04-19,24 day ahead inc case,2021-05-13,quantile,0.25,1019.6640111622354
25,2021-04-19,24 day ahead inc case,2021-05-13,quantile,0.3,1126.5280700687683
25,2021-04-19,24 day ahead inc case,2021-05-13,quantile,0.35,1237.8587073376098
25,2021-04-19,24 day ahead inc case,2021-05-13,quantile,0.4,1367.389103391043
25,2021-04-19,24 day ahead inc case,2021-05-13,quantile,0.45,1441.8360073828094
25,2021-04-19,24 day ahead inc case,2021-05-13,quantile,0.5,1552.3966159248907
25,2021-04-19,24 day ahead inc case,2021-05-13,quantile,0.55,1662.8447873511554
25,2021-04-19,24 day ahead inc case,2021-05-13,quantile,0.6,1778.9922860794334
25,2021-04-19,24 day ahead inc case,2021-05-13,quantile,0.65,1919.9953758809959
25,2021-04-19,24 day ahead inc case,2021-05-13,quantile,0.7,2139.63970458688
25,2021-04-19,24 day ahead inc case,2021-05-13,quantile,0.75,2333.083680964737
25,2021-04-19,24 day ahead inc case,2021-05-13,quantile,0.8,2602.7368924350208
25,2021-04-19,24 day ahead inc case,2021-05-13,quantile,0.85,2854.3998549500575
25,2021-04-19,24 day ahead inc case,2021-05-13,quantile,0.9,3196.4188640703414
25,2021-04-19,24 day ahead inc case,2021-05-13,quantile,0.95,3952.279588016272
25,2021-04-19,24 day ahead inc case,2021-05-13,quantile,0.975,4453.235774217048
25,2021-04-19,24 day ahead inc case,2021-05-13,quantile,0.99,5519.876426380694
25,2021-04-19,25 day ahead inc case,2021-05-14,quantile,0.01,206.6449806989103
25,2021-04-19,25 day ahead inc case,2021-05-14,quantile,0.025,339.89790177042147
25,2021-04-19,25 day ahead inc case,2021-05-14,quantile,0.05,445.40181673044646
25,2021-04-19,25 day ahead inc case,2021-05-14,quantile,0.1,626.3548701154426
25,2021-04-19,25 day ahead inc case,2021-05-14,quantile,0.15,760.6757647732728
25,2021-04-19,25 day ahead inc case,2021-05-14,quantile,0.2,902.1273365496194
25,2021-04-19,25 day ahead inc case,2021-05-14,quantile,0.25,1010.9572560732339
25,2021-04-19,25 day ahead inc case,2021-05-14,quantile,0.3,1118.2892804975422
25,2021-04-19,25 day ahead inc case,2021-05-14,quantile,0.35,1228.337779273095
25,2021-04-19,25 day ahead inc case,2021-05-14,quantile,0.4,1365.635681960775
25,2021-04-19,25 day ahead inc case,2021-05-14,quantile,0.45,1473.7523705512958
25,2021-04-19,25 day ahead inc case,2021-05-14,quantile,0.5,1570.058053652586
25,2021-04-19,25 day ahead inc case,2021-05-14,quantile,0.55,1667.1028996501436
25,2021-04-19,25 day ahead inc case,2021-05-14,quantile,0.6,1800.7783739770812
25,2021-04-19,25 day ahead inc case,2021-05-14,quantile,0.65,1980.7738638272713
25,2021-04-19,25 day ahead inc case,2021-05-14,quantile,0.7,2196.0317041692797
25,2021-04-19,25 day ahead inc case,2021-05-14,quantile,0.75,2381.1563605083984
25,2021-04-19,25 day ahead inc case,2021-05-14,quantile,0.8,2657.6235421403744
25,2021-04-19,25 day ahead inc case,2021-05-14,quantile,0.85,2886.598077191829
25,2021-04-19,25 day ahead inc case,2021-05-14,quantile,0.9,3331.191965660153
25,2021-04-19,25 day ahead inc case,2021-05-14,quantile,0.95,4054.1465076384425
25,2021-04-19,25 day ahead inc case,2021-05-14,quantile,0.975,4699.323190083878
25,2021-04-19,25 day ahead inc case,2021-05-14,quantile,0.99,5776.736537831856
25,2021-04-19,26 day ahead inc case,2021-05-15,quantile,0.01,173.30509729295574
25,2021-04-19,26 day ahead inc case,2021-05-15,quantile,0.025,316.9549223530429
25,2021-04-19,26 day ahead inc case,2021-05-15,quantile,0.05,425.2225401075733
25,2021-04-19,26 day ahead inc case,2021-05-15,quantile,0.1,602.2470675700362
25,2021-04-19,26 day ahead inc case,2021-05-15,quantile,0.15,744.1741769866327
25,2021-04-19,26 day ahead inc case,2021-05-15,quantile,0.2,876.6398393852113
25,2021-04-19,26 day ahead inc case,2021-05-15,quantile,0.25,998.0302098711345
25,2021-04-19,26 day ahead inc case,2021-05-15,quantile,0.3,1104.0457427466838
25,2021-04-19,26 day ahead inc case,2021-05-15,quantile,0.35,1212.507071974663
25,2021-04-19,26 day ahead inc case,2021-05-15,quantile,0.4,1317.4510995587138
25,2021-04-19,26 day ahead inc case,2021-05-15,quantile,0.45,1446.2000097156424
25,2021-04-19,26 day ahead inc case,2021-05-15,quantile,0.5,1578.2773288381895
25,2021-04-19,26 day ahead inc case,2021-05-15,quantile,0.55,1692.185287690477
25,2021-04-19,26 day ahead inc case,2021-05-15,quantile,0.6,1806.6206568428638
25,2021-04-19,26 day ahead inc case,2021-05-15,quantile,0.65,1979.1089198569687
25,2021-04-19,26 day ahead inc case,2021-05-15,quantile,0.7,2184.2141129191955
25,2021-04-19,26 day ahead inc case,2021-05-15,quantile,0.75,2397.219822834497
25,2021-04-19,26 day ahead inc case,2021-05-15,quantile,0.8,2670.541617538592
25,2021-04-19,26 day ahead inc case,2021-05-15,quantile,0.85,2939.1337881501263
25,2021-04-19,26 day ahead inc case,2021-05-15,quantile,0.9,3374.680603091602
25,2021-04-19,26 day ahead inc case,2021-05-15,quantile,0.95,4124.51075889492
25,2021-04-19,26 day ahead inc case,2021-05-15,quantile,0.975,4818.609184811892
25,2021-04-19,26 day ahead inc case,2021-05-15,quantile,0.99,5751.334054757431
25,2021-04-19,27 day ahead inc case,2021-05-16,quantile,0.01,176.88644620719936
25,2021-04-19,27 day ahead inc case,2021-05-16,quantile,0.025,286.7363866050033
25,2021-04-19,27 day ahead inc case,2021-05-16,quantile,0.05,418.0075810730145
25,2021-04-19,27 day ahead inc case,2021-05-16,quantile,0.1,594.3886976428957
25,2021-04-19,27 day ahead inc case,2021-05-16,quantile,0.15,736.2508020137492
25,2021-04-19,27 day ahead inc case,2021-05-16,quantile,0.2,880.4991892291754
25,2021-04-19,27 day ahead inc case,2021-05-16,quantile,0.25,988.774591053619
25,2021-04-19,27 day ahead inc case,2021-05-16,quantile,0.3,1087.137788633466
25,2021-04-19,27 day ahead inc case,2021-05-16,quantile,0.35,1201.2288443399568
25,2021-04-19,27 day ahead inc case,2021-05-16,quantile,0.4,1328.972562565166
25,2021-04-19,27 day ahead inc case,2021-05-16,quantile,0.45,1451.3765423846357
25,2021-04-19,27 day ahead inc case,2021-05-16,quantile,0.5,1581.4744875068998
25,2021-04-19,27 day ahead inc case,2021-05-16,quantile,0.55,1675.4232507386223
25,2021-04-19,27 day ahead inc case,2021-05-16,quantile,0.6,1831.2448575891535
25,2021-04-19,27 day ahead inc case,2021-05-16,quantile,0.65,1999.863206152643
25,2021-04-19,27 day ahead inc case,2021-05-16,quantile,0.7,2181.544255649692
25,2021-04-19,27 day ahead inc case,2021-05-16,quantile,0.75,2453.4325359534682
25,2021-04-19,27 day ahead inc case,2021-05-16,quantile,0.8,2673.6512606781203
25,2021-04-19,27 day ahead inc case,2021-05-16,quantile,0.85,2966.9290695161117
25,2021-04-19,27 day ahead inc case,2021-05-16,quantile,0.9,3397.654795850236
25,2021-04-19,27 day ahead inc case,2021-05-16,quantile,0.95,4200.445075257094
25,2021-04-19,27 day ahead inc case,2021-05-16,quantile,0.975,5134.477164738185
25,2021-04-19,27 day ahead inc case,2021-05-16,quantile,0.99,5999.667427279897
25,2021-04-19,28 day ahead inc case,2021-05-17,quantile,0.01,157.4270488454954
25,2021-04-19,28 day ahead inc case,2021-05-17,quantile,0.025,272.46622709816376
25,2021-04-19,28 day ahead inc case,2021-05-17,quantile,0.05,409.90410437565373
25,2021-04-19,28 day ahead inc case,2021-05-17,quantile,0.1,563.4331841333726
25,2021-04-19,28 day ahead inc case,2021-05-17,quantile,0.15,724.693514312232
25,2021-04-19,28 day ahead inc case,2021-05-17,quantile,0.2,865.0724358752753
25,2021-04-19,28 day ahead inc case,2021-05-17,quantile,0.25,986.3199070183684
25,2021-04-19,28 day ahead inc case,2021-05-17,quantile,0.3,1087.8533148966937
25,2021-04-19,28 day ahead inc case,2021-05-17,quantile,0.35,1188.4374414617166
25,2021-04-19,28 day ahead inc case,2021-05-17,quantile,0.4,1320.863761028538
25,2021-04-19,28 day ahead inc case,2021-05-17,quantile,0.45,1444.427066905525
25,2021-04-19,28 day ahead inc case,2021-05-17,quantile,0.5,1590.9664665524053
25,2021-04-19,28 day ahead inc case,2021-05-17,quantile,0.55,1696.019249815506
25,2021-04-19,28 day ahead inc case,2021-05-17,quantile,0.6,1839.4024448489288
25,2021-04-19,28 day ahead inc case,2021-05-17,quantile,0.65,2035.5117539659466
25,2021-04-19,28 day ahead inc case,2021-05-17,quantile,0.7,2210.3721895850526
25,2021-04-19,28 day ahead inc case,2021-05-17,quantile,0.75,2480.2290289362063
25,2021-04-19,28 day ahead inc case,2021-05-17,quantile,0.8,2735.453445841152
25,2021-04-19,28 day ahead inc case,2021-05-17,quantile,0.85,3104.336258859504
25,2021-04-19,28 day ahead inc case,2021-05-17,quantile,0.9,3455.511343401887
25,2021-04-19,28 day ahead inc case,2021-05-17,quantile,0.95,4310.945265933054
25,2021-04-19,28 day ahead inc case,2021-05-17,quantile,0.975,5159.570825443255
25,2021-04-19,28 day ahead inc case,2021-05-17,quantile,0.99,6271.2937949814095
