location,forecast_date,target,target_end_date,type,quantile,value
06,2021-03-01,1 day ahead inc hosp,2021-03-02,quantile,0.01,349.0007109773836
06,2021-03-01,1 day ahead inc hosp,2021-03-02,quantile,0.025,364.0523145330285
06,2021-03-01,1 day ahead inc hosp,2021-03-02,quantile,0.05,375.44791885118457
06,2021-03-01,1 day ahead inc hosp,2021-03-02,quantile,0.1,384.6866921369683
06,2021-03-01,1 day ahead inc hosp,2021-03-02,quantile,0.15,396.65790849853937
06,2021-03-01,1 day ahead inc hosp,2021-03-02,quantile,0.2,404.6458666319023
06,2021-03-01,1 day ahead inc hosp,2021-03-02,quantile,0.25,411.61971027212286
06,2021-03-01,1 day ahead inc hosp,2021-03-02,quantile,0.3,417.8994234797056
06,2021-03-01,1 day ahead inc hosp,2021-03-02,quantile,0.35,424.34120983060586
06,2021-03-01,1 day ahead inc hosp,2021-03-02,quantile,0.4,429.27588941421266
06,2021-03-01,1 day ahead inc hosp,2021-03-02,quantile,0.45,434.5582335841375
06,2021-03-01,1 day ahead inc hosp,2021-03-02,quantile,0.5,441.89418384066363
06,2021-03-01,1 day ahead inc hosp,2021-03-02,quantile,0.55,447.7577070092351
06,2021-03-01,1 day ahead inc hosp,2021-03-02,quantile,0.6,454.80410162921794
06,2021-03-01,1 day ahead inc hosp,2021-03-02,quantile,0.65,461.01113710564806
06,2021-03-01,1 day ahead inc hosp,2021-03-02,quantile,0.7,468.4749204483615
06,2021-03-01,1 day ahead inc hosp,2021-03-02,quantile,0.75,474.70928700369336
06,2021-03-01,1 day ahead inc hosp,2021-03-02,quantile,0.8,482.14536477051877
06,2021-03-01,1 day ahead inc hosp,2021-03-02,quantile,0.85,494.15842915980517
06,2021-03-01,1 day ahead inc hosp,2021-03-02,quantile,0.9,506.1835954834444
06,2021-03-01,1 day ahead inc hosp,2021-03-02,quantile,0.95,522.6865749500364
06,2021-03-01,1 day ahead inc hosp,2021-03-02,quantile,0.975,545.2744646175975
06,2021-03-01,1 day ahead inc hosp,2021-03-02,quantile,0.99,570.8635458104485
06,2021-03-01,2 day ahead inc hosp,2021-03-03,quantile,0.01,293.9565738167398
06,2021-03-01,2 day ahead inc hosp,2021-03-03,quantile,0.025,321.3435502869527
06,2021-03-01,2 day ahead inc hosp,2021-03-03,quantile,0.05,335.7727144775587
06,2021-03-01,2 day ahead inc hosp,2021-03-03,quantile,0.1,354.5566885681124
06,2021-03-01,2 day ahead inc hosp,2021-03-03,quantile,0.15,367.0006556211168
06,2021-03-01,2 day ahead inc hosp,2021-03-03,quantile,0.2,376.98366312629093
06,2021-03-01,2 day ahead inc hosp,2021-03-03,quantile,0.25,385.7784654466445
06,2021-03-01,2 day ahead inc hosp,2021-03-03,quantile,0.3,394.0930605680878
06,2021-03-01,2 day ahead inc hosp,2021-03-03,quantile,0.35,401.91318695029173
06,2021-03-01,2 day ahead inc hosp,2021-03-03,quantile,0.4,408.8307973204683
06,2021-03-01,2 day ahead inc hosp,2021-03-03,quantile,0.45,416.1864939948671
06,2021-03-01,2 day ahead inc hosp,2021-03-03,quantile,0.5,426.0490228723218
06,2021-03-01,2 day ahead inc hosp,2021-03-03,quantile,0.55,434.29682612476404
06,2021-03-01,2 day ahead inc hosp,2021-03-03,quantile,0.6,443.64935155896484
06,2021-03-01,2 day ahead inc hosp,2021-03-03,quantile,0.65,451.4604427478778
06,2021-03-01,2 day ahead inc hosp,2021-03-03,quantile,0.7,459.0414464774261
06,2021-03-01,2 day ahead inc hosp,2021-03-03,quantile,0.75,471.060766738344
06,2021-03-01,2 day ahead inc hosp,2021-03-03,quantile,0.8,479.1518916659493
06,2021-03-01,2 day ahead inc hosp,2021-03-03,quantile,0.85,490.8015555937641
06,2021-03-01,2 day ahead inc hosp,2021-03-03,quantile,0.9,510.8552881223585
06,2021-03-01,2 day ahead inc hosp,2021-03-03,quantile,0.95,541.1820134601393
06,2021-03-01,2 day ahead inc hosp,2021-03-03,quantile,0.975,555.7488724163651
06,2021-03-01,2 day ahead inc hosp,2021-03-03,quantile,0.99,584.5451264013093
06,2021-03-01,3 day ahead inc hosp,2021-03-04,quantile,0.01,265.5996805156644
06,2021-03-01,3 day ahead inc hosp,2021-03-04,quantile,0.025,277.69946550657073
06,2021-03-01,3 day ahead inc hosp,2021-03-04,quantile,0.05,297.9768704290267
06,2021-03-01,3 day ahead inc hosp,2021-03-04,quantile,0.1,322.2546833231988
06,2021-03-01,3 day ahead inc hosp,2021-03-04,quantile,0.15,335.60494058818796
06,2021-03-01,3 day ahead inc hosp,2021-03-04,quantile,0.2,347.0510040125238
06,2021-03-01,3 day ahead inc hosp,2021-03-04,quantile,0.25,358.4451227803901
06,2021-03-01,3 day ahead inc hosp,2021-03-04,quantile,0.3,369.6832548685748
06,2021-03-01,3 day ahead inc hosp,2021-03-04,quantile,0.35,379.95284962255874
06,2021-03-01,3 day ahead inc hosp,2021-03-04,quantile,0.4,387.01951261401507
06,2021-03-01,3 day ahead inc hosp,2021-03-04,quantile,0.45,396.77199512684484
06,2021-03-01,3 day ahead inc hosp,2021-03-04,quantile,0.5,406.50473516972454
06,2021-03-01,3 day ahead inc hosp,2021-03-04,quantile,0.55,415.71823936197245
06,2021-03-01,3 day ahead inc hosp,2021-03-04,quantile,0.6,424.86539206324244
06,2021-03-01,3 day ahead inc hosp,2021-03-04,quantile,0.65,436.0825824067579
06,2021-03-01,3 day ahead inc hosp,2021-03-04,quantile,0.7,448.59676100222595
06,2021-03-01,3 day ahead inc hosp,2021-03-04,quantile,0.75,458.5526650823295
06,2021-03-01,3 day ahead inc hosp,2021-03-04,quantile,0.8,471.40844572682977
06,2021-03-01,3 day ahead inc hosp,2021-03-04,quantile,0.85,485.53743903960907
06,2021-03-01,3 day ahead inc hosp,2021-03-04,quantile,0.9,505.13326753486683
06,2021-03-01,3 day ahead inc hosp,2021-03-04,quantile,0.95,531.9571264815941
06,2021-03-01,3 day ahead inc hosp,2021-03-04,quantile,0.975,570.8106195227505
06,2021-03-01,3 day ahead inc hosp,2021-03-04,quantile,0.99,594.6166208332114
06,2021-03-01,4 day ahead inc hosp,2021-03-05,quantile,0.01,254.33616251909942
06,2021-03-01,4 day ahead inc hosp,2021-03-05,quantile,0.025,272.3460818250388
06,2021-03-01,4 day ahead inc hosp,2021-03-05,quantile,0.05,292.8788561096911
06,2021-03-01,4 day ahead inc hosp,2021-03-05,quantile,0.1,312.26467591342237
06,2021-03-01,4 day ahead inc hosp,2021-03-05,quantile,0.15,331.49057122793187
06,2021-03-01,4 day ahead inc hosp,2021-03-05,quantile,0.2,344.794724369523
06,2021-03-01,4 day ahead inc hosp,2021-03-05,quantile,0.25,359.68196514250747
06,2021-03-01,4 day ahead inc hosp,2021-03-05,quantile,0.3,372.7204401195619
06,2021-03-01,4 day ahead inc hosp,2021-03-05,quantile,0.35,383.8782654058242
06,2021-03-01,4 day ahead inc hosp,2021-03-05,quantile,0.4,393.90171803583416
06,2021-03-01,4 day ahead inc hosp,2021-03-05,quantile,0.45,404.4833504799671
06,2021-03-01,4 day ahead inc hosp,2021-03-05,quantile,0.5,415.95120923164046
06,2021-03-01,4 day ahead inc hosp,2021-03-05,quantile,0.55,426.68721694419764
06,2021-03-01,4 day ahead inc hosp,2021-03-05,quantile,0.6,437.548369559877
06,2021-03-01,4 day ahead inc hosp,2021-03-05,quantile,0.65,446.8950340265813
06,2021-03-01,4 day ahead inc hosp,2021-03-05,quantile,0.7,460.6844400359434
06,2021-03-01,4 day ahead inc hosp,2021-03-05,quantile,0.75,472.401435465275
06,2021-03-01,4 day ahead inc hosp,2021-03-05,quantile,0.8,487.23169483002414
06,2021-03-01,4 day ahead inc hosp,2021-03-05,quantile,0.85,503.3297243389128
06,2021-03-01,4 day ahead inc hosp,2021-03-05,quantile,0.9,525.7188481028795
06,2021-03-01,4 day ahead inc hosp,2021-03-05,quantile,0.95,570.9279008456417
06,2021-03-01,4 day ahead inc hosp,2021-03-05,quantile,0.975,611.5498825980217
06,2021-03-01,4 day ahead inc hosp,2021-03-05,quantile,0.99,645.8991546375569
06,2021-03-01,5 day ahead inc hosp,2021-03-06,quantile,0.01,214.5817336645105
06,2021-03-01,5 day ahead inc hosp,2021-03-06,quantile,0.025,230.88318871054767
06,2021-03-01,5 day ahead inc hosp,2021-03-06,quantile,0.05,248.55410208345117
06,2021-03-01,5 day ahead inc hosp,2021-03-06,quantile,0.1,272.8430413972898
06,2021-03-01,5 day ahead inc hosp,2021-03-06,quantile,0.15,288.84128984111976
06,2021-03-01,5 day ahead inc hosp,2021-03-06,quantile,0.2,300.7644534649692
06,2021-03-01,5 day ahead inc hosp,2021-03-06,quantile,0.25,316.49855149257417
06,2021-03-01,5 day ahead inc hosp,2021-03-06,quantile,0.3,330.4927642856082
06,2021-03-01,5 day ahead inc hosp,2021-03-06,quantile,0.35,341.3745961295935
06,2021-03-01,5 day ahead inc hosp,2021-03-06,quantile,0.4,351.0338293094999
06,2021-03-01,5 day ahead inc hosp,2021-03-06,quantile,0.45,360.6176370915441
06,2021-03-01,5 day ahead inc hosp,2021-03-06,quantile,0.5,370.0121244760245
06,2021-03-01,5 day ahead inc hosp,2021-03-06,quantile,0.55,381.0609919407033
06,2021-03-01,5 day ahead inc hosp,2021-03-06,quantile,0.6,394.5889008076197
06,2021-03-01,5 day ahead inc hosp,2021-03-06,quantile,0.65,405.48916034815517
06,2021-03-01,5 day ahead inc hosp,2021-03-06,quantile,0.7,421.3625910802693
06,2021-03-01,5 day ahead inc hosp,2021-03-06,quantile,0.75,438.0004412685128
06,2021-03-01,5 day ahead inc hosp,2021-03-06,quantile,0.8,455.2301111320136
06,2021-03-01,5 day ahead inc hosp,2021-03-06,quantile,0.85,475.22672478891974
06,2021-03-01,5 day ahead inc hosp,2021-03-06,quantile,0.9,497.768918600604
06,2021-03-01,5 day ahead inc hosp,2021-03-06,quantile,0.95,529.2999281515703
06,2021-03-01,5 day ahead inc hosp,2021-03-06,quantile,0.975,564.82449246639
06,2021-03-01,5 day ahead inc hosp,2021-03-06,quantile,0.99,605.3267904673161
06,2021-03-01,6 day ahead inc hosp,2021-03-07,quantile,0.01,179.84665435234683
06,2021-03-01,6 day ahead inc hosp,2021-03-07,quantile,0.025,202.87375141771219
06,2021-03-01,6 day ahead inc hosp,2021-03-07,quantile,0.05,219.78962791732062
06,2021-03-01,6 day ahead inc hosp,2021-03-07,quantile,0.1,245.63635517159463
06,2021-03-01,6 day ahead inc hosp,2021-03-07,quantile,0.15,262.75723707409327
06,2021-03-01,6 day ahead inc hosp,2021-03-07,quantile,0.2,273.7194201237457
06,2021-03-01,6 day ahead inc hosp,2021-03-07,quantile,0.25,286.0683650966044
06,2021-03-01,6 day ahead inc hosp,2021-03-07,quantile,0.3,300.9394863750606
06,2021-03-01,6 day ahead inc hosp,2021-03-07,quantile,0.35,314.93202641506633
06,2021-03-01,6 day ahead inc hosp,2021-03-07,quantile,0.4,325.9884556963176
06,2021-03-01,6 day ahead inc hosp,2021-03-07,quantile,0.45,339.0149340873669
06,2021-03-01,6 day ahead inc hosp,2021-03-07,quantile,0.5,350.21793806973164
06,2021-03-01,6 day ahead inc hosp,2021-03-07,quantile,0.55,363.34122243463423
06,2021-03-01,6 day ahead inc hosp,2021-03-07,quantile,0.6,373.0472483774288
06,2021-03-01,6 day ahead inc hosp,2021-03-07,quantile,0.65,385.2997164357202
06,2021-03-01,6 day ahead inc hosp,2021-03-07,quantile,0.7,399.146470264854
06,2021-03-01,6 day ahead inc hosp,2021-03-07,quantile,0.75,416.8718209784947
06,2021-03-01,6 day ahead inc hosp,2021-03-07,quantile,0.8,433.65513240720685
06,2021-03-01,6 day ahead inc hosp,2021-03-07,quantile,0.85,451.2611553926259
06,2021-03-01,6 day ahead inc hosp,2021-03-07,quantile,0.9,478.81359716551515
06,2021-03-01,6 day ahead inc hosp,2021-03-07,quantile,0.95,512.3487606821379
06,2021-03-01,6 day ahead inc hosp,2021-03-07,quantile,0.975,540.500487183363
06,2021-03-01,6 day ahead inc hosp,2021-03-07,quantile,0.99,596.2261423382695
06,2021-03-01,7 day ahead inc hosp,2021-03-08,quantile,0.01,190.80935581106107
06,2021-03-01,7 day ahead inc hosp,2021-03-08,quantile,0.025,214.8893343168228
06,2021-03-01,7 day ahead inc hosp,2021-03-08,quantile,0.05,230.1510794434261
06,2021-03-01,7 day ahead inc hosp,2021-03-08,quantile,0.1,261.36574327108457
06,2021-03-01,7 day ahead inc hosp,2021-03-08,quantile,0.15,281.61035409198024
06,2021-03-01,7 day ahead inc hosp,2021-03-08,quantile,0.2,299.80531608087426
06,2021-03-01,7 day ahead inc hosp,2021-03-08,quantile,0.25,313.8092396336727
06,2021-03-01,7 day ahead inc hosp,2021-03-08,quantile,0.3,326.06225407431657
06,2021-03-01,7 day ahead inc hosp,2021-03-08,quantile,0.35,339.2474500171871
06,2021-03-01,7 day ahead inc hosp,2021-03-08,quantile,0.4,350.1237511740838
06,2021-03-01,7 day ahead inc hosp,2021-03-08,quantile,0.45,361.9321532039986
06,2021-03-01,7 day ahead inc hosp,2021-03-08,quantile,0.5,375.5910976910499
06,2021-03-01,7 day ahead inc hosp,2021-03-08,quantile,0.55,388.61642535650725
06,2021-03-01,7 day ahead inc hosp,2021-03-08,quantile,0.6,402.21832409626126
06,2021-03-01,7 day ahead inc hosp,2021-03-08,quantile,0.65,417.14908941250457
06,2021-03-01,7 day ahead inc hosp,2021-03-08,quantile,0.7,435.4605802082255
06,2021-03-01,7 day ahead inc hosp,2021-03-08,quantile,0.75,451.09291303359487
06,2021-03-01,7 day ahead inc hosp,2021-03-08,quantile,0.8,469.5594310197815
06,2021-03-01,7 day ahead inc hosp,2021-03-08,quantile,0.85,493.0884134104567
06,2021-03-01,7 day ahead inc hosp,2021-03-08,quantile,0.9,525.2670911143498
06,2021-03-01,7 day ahead inc hosp,2021-03-08,quantile,0.95,569.6877516571914
06,2021-03-01,7 day ahead inc hosp,2021-03-08,quantile,0.975,600.9130907638666
06,2021-03-01,7 day ahead inc hosp,2021-03-08,quantile,0.99,635.3758299120367
06,2021-03-01,8 day ahead inc hosp,2021-03-09,quantile,0.01,168.7255529380575
06,2021-03-01,8 day ahead inc hosp,2021-03-09,quantile,0.025,193.69387535653138
06,2021-03-01,8 day ahead inc hosp,2021-03-09,quantile,0.05,214.1644179985732
06,2021-03-01,8 day ahead inc hosp,2021-03-09,quantile,0.1,238.74321749397282
06,2021-03-01,8 day ahead inc hosp,2021-03-09,quantile,0.15,262.2684266608399
06,2021-03-01,8 day ahead inc hosp,2021-03-09,quantile,0.2,281.21807671483083
06,2021-03-01,8 day ahead inc hosp,2021-03-09,quantile,0.25,296.3847293207415
06,2021-03-01,8 day ahead inc hosp,2021-03-09,quantile,0.3,311.12741538824963
06,2021-03-01,8 day ahead inc hosp,2021-03-09,quantile,0.35,324.85383310318184
06,2021-03-01,8 day ahead inc hosp,2021-03-09,quantile,0.4,337.34052391347404
06,2021-03-01,8 day ahead inc hosp,2021-03-09,quantile,0.45,348.7610454703868
06,2021-03-01,8 day ahead inc hosp,2021-03-09,quantile,0.5,362.5348414747362
06,2021-03-01,8 day ahead inc hosp,2021-03-09,quantile,0.55,377.3818596820052
06,2021-03-01,8 day ahead inc hosp,2021-03-09,quantile,0.6,392.24600517347307
06,2021-03-01,8 day ahead inc hosp,2021-03-09,quantile,0.65,407.9716083815941
06,2021-03-01,8 day ahead inc hosp,2021-03-09,quantile,0.7,430.54610153596997
06,2021-03-01,8 day ahead inc hosp,2021-03-09,quantile,0.75,451.6073727756199
06,2021-03-01,8 day ahead inc hosp,2021-03-09,quantile,0.8,477.4993928141099
06,2021-03-01,8 day ahead inc hosp,2021-03-09,quantile,0.85,507.835922071715
06,2021-03-01,8 day ahead inc hosp,2021-03-09,quantile,0.9,541.8360472240007
06,2021-03-01,8 day ahead inc hosp,2021-03-09,quantile,0.95,594.4990518924603
06,2021-03-01,8 day ahead inc hosp,2021-03-09,quantile,0.975,650.7363444931119
06,2021-03-01,8 day ahead inc hosp,2021-03-09,quantile,0.99,702.9608288202693
06,2021-03-01,9 day ahead inc hosp,2021-03-10,quantile,0.01,144.07566780044397
06,2021-03-01,9 day ahead inc hosp,2021-03-10,quantile,0.025,165.7939435571475
06,2021-03-01,9 day ahead inc hosp,2021-03-10,quantile,0.05,193.9688180429297
06,2021-03-01,9 day ahead inc hosp,2021-03-10,quantile,0.1,224.25039102266555
06,2021-03-01,9 day ahead inc hosp,2021-03-10,quantile,0.15,244.69704875110781
06,2021-03-01,9 day ahead inc hosp,2021-03-10,quantile,0.2,265.58490581819115
06,2021-03-01,9 day ahead inc hosp,2021-03-10,quantile,0.25,283.55684103674395
06,2021-03-01,9 day ahead inc hosp,2021-03-10,quantile,0.3,302.6021596715316
06,2021-03-01,9 day ahead inc hosp,2021-03-10,quantile,0.35,314.27728995068054
06,2021-03-01,9 day ahead inc hosp,2021-03-10,quantile,0.4,330.6546477384686
06,2021-03-01,9 day ahead inc hosp,2021-03-10,quantile,0.45,341.49344256068997
06,2021-03-01,9 day ahead inc hosp,2021-03-10,quantile,0.5,355.9873402444933
06,2021-03-01,9 day ahead inc hosp,2021-03-10,quantile,0.55,372.50883097452805
06,2021-03-01,9 day ahead inc hosp,2021-03-10,quantile,0.6,386.5635442945585
06,2021-03-01,9 day ahead inc hosp,2021-03-10,quantile,0.65,402.707335371583
06,2021-03-01,9 day ahead inc hosp,2021-03-10,quantile,0.7,427.437866420035
06,2021-03-01,9 day ahead inc hosp,2021-03-10,quantile,0.75,456.28708951487226
06,2021-03-01,9 day ahead inc hosp,2021-03-10,quantile,0.8,481.75699777407505
06,2021-03-01,9 day ahead inc hosp,2021-03-10,quantile,0.85,515.3813766128818
06,2021-03-01,9 day ahead inc hosp,2021-03-10,quantile,0.9,555.536732912288
06,2021-03-01,9 day ahead inc hosp,2021-03-10,quantile,0.95,615.9555119055492
06,2021-03-01,9 day ahead inc hosp,2021-03-10,quantile,0.975,675.9532280096263
06,2021-03-01,9 day ahead inc hosp,2021-03-10,quantile,0.99,747.5347351391816
06,2021-03-01,10 day ahead inc hosp,2021-03-11,quantile,0.01,129.40276667799642
06,2021-03-01,10 day ahead inc hosp,2021-03-11,quantile,0.025,152.78078408276755
06,2021-03-01,10 day ahead inc hosp,2021-03-11,quantile,0.05,176.76733502799948
06,2021-03-01,10 day ahead inc hosp,2021-03-11,quantile,0.1,200.20263214687066
06,2021-03-01,10 day ahead inc hosp,2021-03-11,quantile,0.15,229.87473979278073
06,2021-03-01,10 day ahead inc hosp,2021-03-11,quantile,0.2,252.00501528196278
06,2021-03-01,10 day ahead inc hosp,2021-03-11,quantile,0.25,268.13281787008435
06,2021-03-01,10 day ahead inc hosp,2021-03-11,quantile,0.3,284.71323012420464
06,2021-03-01,10 day ahead inc hosp,2021-03-11,quantile,0.35,299.7255158265003
06,2021-03-01,10 day ahead inc hosp,2021-03-11,quantile,0.4,315.8122412964248
06,2021-03-01,10 day ahead inc hosp,2021-03-11,quantile,0.45,329.40880814173244
06,2021-03-01,10 day ahead inc hosp,2021-03-11,quantile,0.5,346.83206412074344
06,2021-03-01,10 day ahead inc hosp,2021-03-11,quantile,0.55,362.44476073451403
06,2021-03-01,10 day ahead inc hosp,2021-03-11,quantile,0.6,383.1829331086218
06,2021-03-01,10 day ahead inc hosp,2021-03-11,quantile,0.65,403.3948156217977
06,2021-03-01,10 day ahead inc hosp,2021-03-11,quantile,0.7,432.5748984849335
06,2021-03-01,10 day ahead inc hosp,2021-03-11,quantile,0.75,461.2036187432804
06,2021-03-01,10 day ahead inc hosp,2021-03-11,quantile,0.8,485.5123737496243
06,2021-03-01,10 day ahead inc hosp,2021-03-11,quantile,0.85,522.4872652104499
06,2021-03-01,10 day ahead inc hosp,2021-03-11,quantile,0.9,564.7023536332755
06,2021-03-01,10 day ahead inc hosp,2021-03-11,quantile,0.95,643.9818450183698
06,2021-03-01,10 day ahead inc hosp,2021-03-11,quantile,0.975,700.7858413963676
06,2021-03-01,10 day ahead inc hosp,2021-03-11,quantile,0.99,789.7412618961664
06,2021-03-01,11 day ahead inc hosp,2021-03-12,quantile,0.01,125.28002715965573
06,2021-03-01,11 day ahead inc hosp,2021-03-12,quantile,0.025,142.46044175758254
06,2021-03-01,11 day ahead inc hosp,2021-03-12,quantile,0.05,166.37770078810902
06,2021-03-01,11 day ahead inc hosp,2021-03-12,quantile,0.1,193.88424682830208
06,2021-03-01,11 day ahead inc hosp,2021-03-12,quantile,0.15,221.51762104181637
06,2021-03-01,11 day ahead inc hosp,2021-03-12,quantile,0.2,246.16175304874758
06,2021-03-01,11 day ahead inc hosp,2021-03-12,quantile,0.25,263.61104508519344
06,2021-03-01,11 day ahead inc hosp,2021-03-12,quantile,0.3,286.9663347492201
06,2021-03-01,11 day ahead inc hosp,2021-03-12,quantile,0.35,303.07323072565396
06,2021-03-01,11 day ahead inc hosp,2021-03-12,quantile,0.4,317.59690736957555
06,2021-03-01,11 day ahead inc hosp,2021-03-12,quantile,0.45,336.5061993642984
06,2021-03-01,11 day ahead inc hosp,2021-03-12,quantile,0.5,356.4636229735169
06,2021-03-01,11 day ahead inc hosp,2021-03-12,quantile,0.55,371.75139677702975
06,2021-03-01,11 day ahead inc hosp,2021-03-12,quantile,0.6,389.8048417114248
06,2021-03-01,11 day ahead inc hosp,2021-03-12,quantile,0.65,411.7337265397815
06,2021-03-01,11 day ahead inc hosp,2021-03-12,quantile,0.7,435.9383869638716
06,2021-03-01,11 day ahead inc hosp,2021-03-12,quantile,0.75,466.499177794045
06,2021-03-01,11 day ahead inc hosp,2021-03-12,quantile,0.8,502.1368669807045
06,2021-03-01,11 day ahead inc hosp,2021-03-12,quantile,0.85,533.2583890678285
06,2021-03-01,11 day ahead inc hosp,2021-03-12,quantile,0.9,591.4873315260712
06,2021-03-01,11 day ahead inc hosp,2021-03-12,quantile,0.95,664.4473348298071
06,2021-03-01,11 day ahead inc hosp,2021-03-12,quantile,0.975,720.3310261808656
06,2021-03-01,11 day ahead inc hosp,2021-03-12,quantile,0.99,817.0792995319053
06,2021-03-01,12 day ahead inc hosp,2021-03-13,quantile,0.01,95.10644162473831
06,2021-03-01,12 day ahead inc hosp,2021-03-13,quantile,0.025,120.13938471433562
06,2021-03-01,12 day ahead inc hosp,2021-03-13,quantile,0.05,142.15237090096073
06,2021-03-01,12 day ahead inc hosp,2021-03-13,quantile,0.1,179.65689930875618
06,2021-03-01,12 day ahead inc hosp,2021-03-13,quantile,0.15,198.59188448454813
06,2021-03-01,12 day ahead inc hosp,2021-03-13,quantile,0.2,219.96904268926082
06,2021-03-01,12 day ahead inc hosp,2021-03-13,quantile,0.25,239.93988829419786
06,2021-03-01,12 day ahead inc hosp,2021-03-13,quantile,0.3,263.30986077907255
06,2021-03-01,12 day ahead inc hosp,2021-03-13,quantile,0.35,279.3236382504745
06,2021-03-01,12 day ahead inc hosp,2021-03-13,quantile,0.4,296.1751398193492
06,2021-03-01,12 day ahead inc hosp,2021-03-13,quantile,0.45,310.5886920096344
06,2021-03-01,12 day ahead inc hosp,2021-03-13,quantile,0.5,327.00340685518916
06,2021-03-01,12 day ahead inc hosp,2021-03-13,quantile,0.55,345.77777978532197
06,2021-03-01,12 day ahead inc hosp,2021-03-13,quantile,0.6,369.18997037164496
06,2021-03-01,12 day ahead inc hosp,2021-03-13,quantile,0.65,391.2619447071136
06,2021-03-01,12 day ahead inc hosp,2021-03-13,quantile,0.7,419.2978037452837
06,2021-03-01,12 day ahead inc hosp,2021-03-13,quantile,0.75,453.7717571949579
06,2021-03-01,12 day ahead inc hosp,2021-03-13,quantile,0.8,485.99278664801585
06,2021-03-01,12 day ahead inc hosp,2021-03-13,quantile,0.85,523.5772126113889
06,2021-03-01,12 day ahead inc hosp,2021-03-13,quantile,0.9,588.6433087178575
06,2021-03-01,12 day ahead inc hosp,2021-03-13,quantile,0.95,674.0643347971239
06,2021-03-01,12 day ahead inc hosp,2021-03-13,quantile,0.975,736.0939481450713
06,2021-03-01,12 day ahead inc hosp,2021-03-13,quantile,0.99,817.3254829033993
06,2021-03-01,13 day ahead inc hosp,2021-03-14,quantile,0.01,84.13261271188817
06,2021-03-01,13 day ahead inc hosp,2021-03-14,quantile,0.025,102.96264265198793
06,2021-03-01,13 day ahead inc hosp,2021-03-14,quantile,0.05,134.01484240366923
06,2021-03-01,13 day ahead inc hosp,2021-03-14,quantile,0.1,159.51642849338808
06,2021-03-01,13 day ahead inc hosp,2021-03-14,quantile,0.15,180.1951099982953
06,2021-03-01,13 day ahead inc hosp,2021-03-14,quantile,0.2,204.57262895450765
06,2021-03-01,13 day ahead inc hosp,2021-03-14,quantile,0.25,222.246061539563
06,2021-03-01,13 day ahead inc hosp,2021-03-14,quantile,0.3,245.33124206144834
06,2021-03-01,13 day ahead inc hosp,2021-03-14,quantile,0.35,262.2658246962891
06,2021-03-01,13 day ahead inc hosp,2021-03-14,quantile,0.4,279.74808798413255
06,2021-03-01,13 day ahead inc hosp,2021-03-14,quantile,0.45,293.6173489908324
06,2021-03-01,13 day ahead inc hosp,2021-03-14,quantile,0.5,315.5564858644746
06,2021-03-01,13 day ahead inc hosp,2021-03-14,quantile,0.55,331.91927426270473
06,2021-03-01,13 day ahead inc hosp,2021-03-14,quantile,0.6,353.5820772187123
06,2021-03-01,13 day ahead inc hosp,2021-03-14,quantile,0.65,379.628119223642
06,2021-03-01,13 day ahead inc hosp,2021-03-14,quantile,0.7,411.3618288709315
06,2021-03-01,13 day ahead inc hosp,2021-03-14,quantile,0.75,448.9120342520861
06,2021-03-01,13 day ahead inc hosp,2021-03-14,quantile,0.8,482.34080166709424
06,2021-03-01,13 day ahead inc hosp,2021-03-14,quantile,0.85,522.6231031080486
06,2021-03-01,13 day ahead inc hosp,2021-03-14,quantile,0.9,578.5952273378093
06,2021-03-01,13 day ahead inc hosp,2021-03-14,quantile,0.95,664.8942546130615
06,2021-03-01,13 day ahead inc hosp,2021-03-14,quantile,0.975,744.4063462302585
06,2021-03-01,13 day ahead inc hosp,2021-03-14,quantile,0.99,828.93992358507
06,2021-03-01,14 day ahead inc hosp,2021-03-15,quantile,0.01,84.52308372869177
06,2021-03-01,14 day ahead inc hosp,2021-03-15,quantile,0.025,104.76721588190654
06,2021-03-01,14 day ahead inc hosp,2021-03-15,quantile,0.05,128.28654395152867
06,2021-03-01,14 day ahead inc hosp,2021-03-15,quantile,0.1,155.77011499127937
06,2021-03-01,14 day ahead inc hosp,2021-03-15,quantile,0.15,185.38106485829698
06,2021-03-01,14 day ahead inc hosp,2021-03-15,quantile,0.2,213.97973997782665
06,2021-03-01,14 day ahead inc hosp,2021-03-15,quantile,0.25,231.19889755329734
06,2021-03-01,14 day ahead inc hosp,2021-03-15,quantile,0.3,251.6035073964261
06,2021-03-01,14 day ahead inc hosp,2021-03-15,quantile,0.35,270.7167944886838
06,2021-03-01,14 day ahead inc hosp,2021-03-15,quantile,0.4,291.0249995321738
06,2021-03-01,14 day ahead inc hosp,2021-03-15,quantile,0.45,308.11463296771717
06,2021-03-01,14 day ahead inc hosp,2021-03-15,quantile,0.5,324.8831908282868
06,2021-03-01,14 day ahead inc hosp,2021-03-15,quantile,0.55,348.4450136306447
06,2021-03-01,14 day ahead inc hosp,2021-03-15,quantile,0.6,373.7887568568129
06,2021-03-01,14 day ahead inc hosp,2021-03-15,quantile,0.65,406.5294677416545
06,2021-03-01,14 day ahead inc hosp,2021-03-15,quantile,0.7,430.9052252394054
06,2021-03-01,14 day ahead inc hosp,2021-03-15,quantile,0.75,468.8982654807266
06,2021-03-01,14 day ahead inc hosp,2021-03-15,quantile,0.8,508.1876447998062
06,2021-03-01,14 day ahead inc hosp,2021-03-15,quantile,0.85,563.4850564830722
06,2021-03-01,14 day ahead inc hosp,2021-03-15,quantile,0.9,629.9729785794069
06,2021-03-01,14 day ahead inc hosp,2021-03-15,quantile,0.95,718.6327331329928
06,2021-03-01,14 day ahead inc hosp,2021-03-15,quantile,0.975,802.3966056527656
06,2021-03-01,14 day ahead inc hosp,2021-03-15,quantile,0.99,913.6641906120497
06,2021-03-01,15 day ahead inc hosp,2021-03-16,quantile,0.01,78.40209859513594
06,2021-03-01,15 day ahead inc hosp,2021-03-16,quantile,0.025,95.95880748152582
06,2021-03-01,15 day ahead inc hosp,2021-03-16,quantile,0.05,117.72070955197418
06,2021-03-01,15 day ahead inc hosp,2021-03-16,quantile,0.1,150.79811996120475
06,2021-03-01,15 day ahead inc hosp,2021-03-16,quantile,0.15,178.00596303275807
06,2021-03-01,15 day ahead inc hosp,2021-03-16,quantile,0.2,203.41058072880904
06,2021-03-01,15 day ahead inc hosp,2021-03-16,quantile,0.25,226.3120124841834
06,2021-03-01,15 day ahead inc hosp,2021-03-16,quantile,0.3,241.3116672549901
06,2021-03-01,15 day ahead inc hosp,2021-03-16,quantile,0.35,262.07772838548306
06,2021-03-01,15 day ahead inc hosp,2021-03-16,quantile,0.4,283.63609918795265
06,2021-03-01,15 day ahead inc hosp,2021-03-16,quantile,0.45,302.7534053995565
06,2021-03-01,15 day ahead inc hosp,2021-03-16,quantile,0.5,326.9491236261406
06,2021-03-01,15 day ahead inc hosp,2021-03-16,quantile,0.55,347.1778240284321
06,2021-03-01,15 day ahead inc hosp,2021-03-16,quantile,0.6,371.03338635260684
06,2021-03-01,15 day ahead inc hosp,2021-03-16,quantile,0.65,400.7428398747889
06,2021-03-01,15 day ahead inc hosp,2021-03-16,quantile,0.7,442.7555808027395
06,2021-03-01,15 day ahead inc hosp,2021-03-16,quantile,0.75,477.4063419842711
06,2021-03-01,15 day ahead inc hosp,2021-03-16,quantile,0.8,518.1093159704911
06,2021-03-01,15 day ahead inc hosp,2021-03-16,quantile,0.85,569.1203034653014
06,2021-03-01,15 day ahead inc hosp,2021-03-16,quantile,0.9,636.8759928793756
06,2021-03-01,15 day ahead inc hosp,2021-03-16,quantile,0.95,766.2526192583607
06,2021-03-01,15 day ahead inc hosp,2021-03-16,quantile,0.975,866.8194673893199
06,2021-03-01,15 day ahead inc hosp,2021-03-16,quantile,0.99,978.0533407860414
06,2021-03-01,16 day ahead inc hosp,2021-03-17,quantile,0.01,65.7417706744765
06,2021-03-01,16 day ahead inc hosp,2021-03-17,quantile,0.025,84.79569858714109
06,2021-03-01,16 day ahead inc hosp,2021-03-17,quantile,0.05,106.61660609759329
06,2021-03-01,16 day ahead inc hosp,2021-03-17,quantile,0.1,142.46316575297195
06,2021-03-01,16 day ahead inc hosp,2021-03-17,quantile,0.15,168.37518673288028
06,2021-03-01,16 day ahead inc hosp,2021-03-17,quantile,0.2,195.03512243341953
06,2021-03-01,16 day ahead inc hosp,2021-03-17,quantile,0.25,212.8816590740276
06,2021-03-01,16 day ahead inc hosp,2021-03-17,quantile,0.3,234.90146312955738
06,2021-03-01,16 day ahead inc hosp,2021-03-17,quantile,0.35,253.1757128179527
06,2021-03-01,16 day ahead inc hosp,2021-03-17,quantile,0.4,275.867727858587
06,2021-03-01,16 day ahead inc hosp,2021-03-17,quantile,0.45,298.90251668944524
06,2021-03-01,16 day ahead inc hosp,2021-03-17,quantile,0.5,326.62016291078913
06,2021-03-01,16 day ahead inc hosp,2021-03-17,quantile,0.55,351.31088529676634
06,2021-03-01,16 day ahead inc hosp,2021-03-17,quantile,0.6,377.5913823801892
06,2021-03-01,16 day ahead inc hosp,2021-03-17,quantile,0.65,406.4569450043415
06,2021-03-01,16 day ahead inc hosp,2021-03-17,quantile,0.7,441.1413189086576
06,2021-03-01,16 day ahead inc hosp,2021-03-17,quantile,0.75,481.75363731635707
06,2021-03-01,16 day ahead inc hosp,2021-03-17,quantile,0.8,538.9895263474531
06,2021-03-01,16 day ahead inc hosp,2021-03-17,quantile,0.85,585.9539085877799
06,2021-03-01,16 day ahead inc hosp,2021-03-17,quantile,0.9,653.1671900119202
06,2021-03-01,16 day ahead inc hosp,2021-03-17,quantile,0.95,777.3075917417023
06,2021-03-01,16 day ahead inc hosp,2021-03-17,quantile,0.975,911.206559216171
06,2021-03-01,16 day ahead inc hosp,2021-03-17,quantile,0.99,1010.1535208899146
06,2021-03-01,17 day ahead inc hosp,2021-03-18,quantile,0.01,58.061846358841784
06,2021-03-01,17 day ahead inc hosp,2021-03-18,quantile,0.025,77.54313799347291
06,2021-03-01,17 day ahead inc hosp,2021-03-18,quantile,0.05,97.97088478347244
06,2021-03-01,17 day ahead inc hosp,2021-03-18,quantile,0.1,134.53538281266788
06,2021-03-01,17 day ahead inc hosp,2021-03-18,quantile,0.15,156.60354930569122
06,2021-03-01,17 day ahead inc hosp,2021-03-18,quantile,0.2,185.4892582745005
06,2021-03-01,17 day ahead inc hosp,2021-03-18,quantile,0.25,203.00522324374887
06,2021-03-01,17 day ahead inc hosp,2021-03-18,quantile,0.3,229.82128926911915
06,2021-03-01,17 day ahead inc hosp,2021-03-18,quantile,0.35,250.03179500354258
06,2021-03-01,17 day ahead inc hosp,2021-03-18,quantile,0.4,267.0135077401521
06,2021-03-01,17 day ahead inc hosp,2021-03-18,quantile,0.45,296.0795874210982
06,2021-03-01,17 day ahead inc hosp,2021-03-18,quantile,0.5,321.06354280935125
06,2021-03-01,17 day ahead inc hosp,2021-03-18,quantile,0.55,346.5341433451229
06,2021-03-01,17 day ahead inc hosp,2021-03-18,quantile,0.6,376.6471053426184
06,2021-03-01,17 day ahead inc hosp,2021-03-18,quantile,0.65,405.127381487904
06,2021-03-01,17 day ahead inc hosp,2021-03-18,quantile,0.7,437.6139976102212
06,2021-03-01,17 day ahead inc hosp,2021-03-18,quantile,0.75,477.7867886332978
06,2021-03-01,17 day ahead inc hosp,2021-03-18,quantile,0.8,533.8309930969804
06,2021-03-01,17 day ahead inc hosp,2021-03-18,quantile,0.85,591.662692791091
06,2021-03-01,17 day ahead inc hosp,2021-03-18,quantile,0.9,659.635276374338
06,2021-03-01,17 day ahead inc hosp,2021-03-18,quantile,0.95,812.202408054031
06,2021-03-01,17 day ahead inc hosp,2021-03-18,quantile,0.975,929.0779817854745
06,2021-03-01,17 day ahead inc hosp,2021-03-18,quantile,0.99,1088.2865282329117
06,2021-03-01,18 day ahead inc hosp,2021-03-19,quantile,0.01,54.006022797459934
06,2021-03-01,18 day ahead inc hosp,2021-03-19,quantile,0.025,70.5620015408015
06,2021-03-01,18 day ahead inc hosp,2021-03-19,quantile,0.05,91.03608137691438
06,2021-03-01,18 day ahead inc hosp,2021-03-19,quantile,0.1,126.54916396842906
06,2021-03-01,18 day ahead inc hosp,2021-03-19,quantile,0.15,155.82791309823884
06,2021-03-01,18 day ahead inc hosp,2021-03-19,quantile,0.2,180.14620329563368
06,2021-03-01,18 day ahead inc hosp,2021-03-19,quantile,0.25,202.62064329228
06,2021-03-01,18 day ahead inc hosp,2021-03-19,quantile,0.3,229.3452638827665
06,2021-03-01,18 day ahead inc hosp,2021-03-19,quantile,0.35,247.60480937920488
06,2021-03-01,18 day ahead inc hosp,2021-03-19,quantile,0.4,279.647225067074
06,2021-03-01,18 day ahead inc hosp,2021-03-19,quantile,0.45,308.69106648688376
06,2021-03-01,18 day ahead inc hosp,2021-03-19,quantile,0.5,328.2929467520169
06,2021-03-01,18 day ahead inc hosp,2021-03-19,quantile,0.55,351.7238764586754
06,2021-03-01,18 day ahead inc hosp,2021-03-19,quantile,0.6,382.2591829271486
06,2021-03-01,18 day ahead inc hosp,2021-03-19,quantile,0.65,410.09456090660535
06,2021-03-01,18 day ahead inc hosp,2021-03-19,quantile,0.7,447.75736655272794
06,2021-03-01,18 day ahead inc hosp,2021-03-19,quantile,0.75,484.83848692699115
06,2021-03-01,18 day ahead inc hosp,2021-03-19,quantile,0.8,542.1583304628462
06,2021-03-01,18 day ahead inc hosp,2021-03-19,quantile,0.85,597.8487898613514
06,2021-03-01,18 day ahead inc hosp,2021-03-19,quantile,0.9,681.5532852591502
06,2021-03-01,18 day ahead inc hosp,2021-03-19,quantile,0.95,832.1390689654934
06,2021-03-01,18 day ahead inc hosp,2021-03-19,quantile,0.975,983.9625901959031
06,2021-03-01,18 day ahead inc hosp,2021-03-19,quantile,0.99,1094.984947843224
06,2021-03-01,19 day ahead inc hosp,2021-03-20,quantile,0.01,48.45893851219053
06,2021-03-01,19 day ahead inc hosp,2021-03-20,quantile,0.025,64.27951304282432
06,2021-03-01,19 day ahead inc hosp,2021-03-20,quantile,0.05,83.3697242653048
06,2021-03-01,19 day ahead inc hosp,2021-03-20,quantile,0.1,115.07611729898457
06,2021-03-01,19 day ahead inc hosp,2021-03-20,quantile,0.15,143.93015351710056
06,2021-03-01,19 day ahead inc hosp,2021-03-20,quantile,0.2,170.51272078563593
06,2021-03-01,19 day ahead inc hosp,2021-03-20,quantile,0.25,192.37124454470384
06,2021-03-01,19 day ahead inc hosp,2021-03-20,quantile,0.3,214.9898838739319
06,2021-03-01,19 day ahead inc hosp,2021-03-20,quantile,0.35,242.87652547605953
06,2021-03-01,19 day ahead inc hosp,2021-03-20,quantile,0.4,269.5309324930195
06,2021-03-01,19 day ahead inc hosp,2021-03-20,quantile,0.45,294.7459224562136
06,2021-03-01,19 day ahead inc hosp,2021-03-20,quantile,0.5,316.15647937212896
06,2021-03-01,19 day ahead inc hosp,2021-03-20,quantile,0.55,336.11142986783085
06,2021-03-01,19 day ahead inc hosp,2021-03-20,quantile,0.6,376.57716912904755
06,2021-03-01,19 day ahead inc hosp,2021-03-20,quantile,0.65,407.55768866268716
06,2021-03-01,19 day ahead inc hosp,2021-03-20,quantile,0.7,439.87401111145334
06,2021-03-01,19 day ahead inc hosp,2021-03-20,quantile,0.75,481.01815553172924
06,2021-03-01,19 day ahead inc hosp,2021-03-20,quantile,0.8,539.8777883045547
06,2021-03-01,19 day ahead inc hosp,2021-03-20,quantile,0.85,612.5708552292714
06,2021-03-01,19 day ahead inc hosp,2021-03-20,quantile,0.9,691.9042379840087
06,2021-03-01,19 day ahead inc hosp,2021-03-20,quantile,0.95,833.000976289381
06,2021-03-01,19 day ahead inc hosp,2021-03-20,quantile,0.975,988.4893911791982
06,2021-03-01,19 day ahead inc hosp,2021-03-20,quantile,0.99,1129.2189875921645
06,2021-03-01,20 day ahead inc hosp,2021-03-21,quantile,0.01,40.3881752692472
06,2021-03-01,20 day ahead inc hosp,2021-03-21,quantile,0.025,55.15063170517513
06,2021-03-01,20 day ahead inc hosp,2021-03-21,quantile,0.05,78.3295061094563
06,2021-03-01,20 day ahead inc hosp,2021-03-21,quantile,0.1,106.88903358863192
06,2021-03-01,20 day ahead inc hosp,2021-03-21,quantile,0.15,141.93068156835815
06,2021-03-01,20 day ahead inc hosp,2021-03-21,quantile,0.2,160.9992397934999
06,2021-03-01,20 day ahead inc hosp,2021-03-21,quantile,0.25,185.59537120252446
06,2021-03-01,20 day ahead inc hosp,2021-03-21,quantile,0.3,212.2379797236707
06,2021-03-01,20 day ahead inc hosp,2021-03-21,quantile,0.35,232.68826022740313
06,2021-03-01,20 day ahead inc hosp,2021-03-21,quantile,0.4,255.89748669428323
06,2021-03-01,20 day ahead inc hosp,2021-03-21,quantile,0.45,279.87340728696245
06,2021-03-01,20 day ahead inc hosp,2021-03-21,quantile,0.5,306.574271403328
06,2021-03-01,20 day ahead inc hosp,2021-03-21,quantile,0.55,338.6516332062485
06,2021-03-01,20 day ahead inc hosp,2021-03-21,quantile,0.6,370.08941682987995
06,2021-03-01,20 day ahead inc hosp,2021-03-21,quantile,0.65,406.72745908329335
06,2021-03-01,20 day ahead inc hosp,2021-03-21,quantile,0.7,437.1041840579733
06,2021-03-01,20 day ahead inc hosp,2021-03-21,quantile,0.75,479.90652446216575
06,2021-03-01,20 day ahead inc hosp,2021-03-21,quantile,0.8,543.6711167420449
06,2021-03-01,20 day ahead inc hosp,2021-03-21,quantile,0.85,609.6323261487429
06,2021-03-01,20 day ahead inc hosp,2021-03-21,quantile,0.9,701.656162805203
06,2021-03-01,20 day ahead inc hosp,2021-03-21,quantile,0.95,860.4244865402866
06,2021-03-01,20 day ahead inc hosp,2021-03-21,quantile,0.975,1010.8860625955127
06,2021-03-01,20 day ahead inc hosp,2021-03-21,quantile,0.99,1131.9387304426464
06,2021-03-01,21 day ahead inc hosp,2021-03-22,quantile,0.01,38.03934031492558
06,2021-03-01,21 day ahead inc hosp,2021-03-22,quantile,0.025,54.055920230965754
06,2021-03-01,21 day ahead inc hosp,2021-03-22,quantile,0.05,74.05547729528227
06,2021-03-01,21 day ahead inc hosp,2021-03-22,quantile,0.1,107.13017018076067
06,2021-03-01,21 day ahead inc hosp,2021-03-22,quantile,0.15,136.61817422874017
06,2021-03-01,21 day ahead inc hosp,2021-03-22,quantile,0.2,169.50601819177288
06,2021-03-01,21 day ahead inc hosp,2021-03-22,quantile,0.25,190.73018506471894
06,2021-03-01,21 day ahead inc hosp,2021-03-22,quantile,0.3,212.35760873886372
06,2021-03-01,21 day ahead inc hosp,2021-03-22,quantile,0.35,237.88810371858153
06,2021-03-01,21 day ahead inc hosp,2021-03-22,quantile,0.4,262.36436241807843
06,2021-03-01,21 day ahead inc hosp,2021-03-22,quantile,0.45,284.20269480393074
06,2021-03-01,21 day ahead inc hosp,2021-03-22,quantile,0.5,313.68940147615086
06,2021-03-01,21 day ahead inc hosp,2021-03-22,quantile,0.55,346.8840542011174
06,2021-03-01,21 day ahead inc hosp,2021-03-22,quantile,0.6,379.8657093269027
06,2021-03-01,21 day ahead inc hosp,2021-03-22,quantile,0.65,421.5809728632788
06,2021-03-01,21 day ahead inc hosp,2021-03-22,quantile,0.7,454.899427483681
06,2021-03-01,21 day ahead inc hosp,2021-03-22,quantile,0.75,495.93660154683465
06,2021-03-01,21 day ahead inc hosp,2021-03-22,quantile,0.8,559.4299260017063
06,2021-03-01,21 day ahead inc hosp,2021-03-22,quantile,0.85,647.9095790194946
06,2021-03-01,21 day ahead inc hosp,2021-03-22,quantile,0.9,738.9198191623635
06,2021-03-01,21 day ahead inc hosp,2021-03-22,quantile,0.95,917.5036228333386
06,2021-03-01,21 day ahead inc hosp,2021-03-22,quantile,0.975,1051.0768917545336
06,2021-03-01,21 day ahead inc hosp,2021-03-22,quantile,0.99,1217.0585318904461
06,2021-03-01,22 day ahead inc hosp,2021-03-23,quantile,0.01,34.731636261484205
06,2021-03-01,22 day ahead inc hosp,2021-03-23,quantile,0.025,49.9212026693711
06,2021-03-01,22 day ahead inc hosp,2021-03-23,quantile,0.05,67.51706149664956
06,2021-03-01,22 day ahead inc hosp,2021-03-23,quantile,0.1,105.45856932296395
06,2021-03-01,22 day ahead inc hosp,2021-03-23,quantile,0.15,135.38156361788762
06,2021-03-01,22 day ahead inc hosp,2021-03-23,quantile,0.2,161.15031661152724
06,2021-03-01,22 day ahead inc hosp,2021-03-23,quantile,0.25,183.23319302711064
06,2021-03-01,22 day ahead inc hosp,2021-03-23,quantile,0.3,206.341803092459
06,2021-03-01,22 day ahead inc hosp,2021-03-23,quantile,0.35,229.78678858230302
06,2021-03-01,22 day ahead inc hosp,2021-03-23,quantile,0.4,255.46013563777268
06,2021-03-01,22 day ahead inc hosp,2021-03-23,quantile,0.45,280.16292350829036
06,2021-03-01,22 day ahead inc hosp,2021-03-23,quantile,0.5,313.5268295563825
06,2021-03-01,22 day ahead inc hosp,2021-03-23,quantile,0.55,350.99479098188493
06,2021-03-01,22 day ahead inc hosp,2021-03-23,quantile,0.6,386.2385903536187
06,2021-03-01,22 day ahead inc hosp,2021-03-23,quantile,0.65,418.76328804364647
06,2021-03-01,22 day ahead inc hosp,2021-03-23,quantile,0.7,454.8600079610537
06,2021-03-01,22 day ahead inc hosp,2021-03-23,quantile,0.75,504.292636500382
06,2021-03-01,22 day ahead inc hosp,2021-03-23,quantile,0.8,556.5538473354375
06,2021-03-01,22 day ahead inc hosp,2021-03-23,quantile,0.85,656.569079771152
06,2021-03-01,22 day ahead inc hosp,2021-03-23,quantile,0.9,781.733532840504
06,2021-03-01,22 day ahead inc hosp,2021-03-23,quantile,0.95,941.3959102325088
06,2021-03-01,22 day ahead inc hosp,2021-03-23,quantile,0.975,1091.8660572324761
06,2021-03-01,22 day ahead inc hosp,2021-03-23,quantile,0.99,1283.6616546299947
06,2021-03-01,23 day ahead inc hosp,2021-03-24,quantile,0.01,30.78622794588625
06,2021-03-01,23 day ahead inc hosp,2021-03-24,quantile,0.025,44.633962510820886
06,2021-03-01,23 day ahead inc hosp,2021-03-24,quantile,0.05,66.08686078260637
06,2021-03-01,23 day ahead inc hosp,2021-03-24,quantile,0.1,96.63121168034193
06,2021-03-01,23 day ahead inc hosp,2021-03-24,quantile,0.15,124.96306042038523
06,2021-03-01,23 day ahead inc hosp,2021-03-24,quantile,0.2,149.3465338289832
06,2021-03-01,23 day ahead inc hosp,2021-03-24,quantile,0.25,173.75968992636027
06,2021-03-01,23 day ahead inc hosp,2021-03-24,quantile,0.3,202.2949305461492
06,2021-03-01,23 day ahead inc hosp,2021-03-24,quantile,0.35,224.46643244793057
06,2021-03-01,23 day ahead inc hosp,2021-03-24,quantile,0.4,249.127338646814
06,2021-03-01,23 day ahead inc hosp,2021-03-24,quantile,0.45,279.7801992261315
06,2021-03-01,23 day ahead inc hosp,2021-03-24,quantile,0.5,311.9923090353478
06,2021-03-01,23 day ahead inc hosp,2021-03-24,quantile,0.55,350.37354768382204
06,2021-03-01,23 day ahead inc hosp,2021-03-24,quantile,0.6,388.1861934992665
06,2021-03-01,23 day ahead inc hosp,2021-03-24,quantile,0.65,426.4331941930574
06,2021-03-01,23 day ahead inc hosp,2021-03-24,quantile,0.7,461.35933676827256
06,2021-03-01,23 day ahead inc hosp,2021-03-24,quantile,0.75,513.6263782118946
06,2021-03-01,23 day ahead inc hosp,2021-03-24,quantile,0.8,572.3020565330766
06,2021-03-01,23 day ahead inc hosp,2021-03-24,quantile,0.85,658.3385268602033
06,2021-03-01,23 day ahead inc hosp,2021-03-24,quantile,0.9,803.1518728848902
06,2021-03-01,23 day ahead inc hosp,2021-03-24,quantile,0.95,975.779742553719
06,2021-03-01,23 day ahead inc hosp,2021-03-24,quantile,0.975,1102.952384497188
06,2021-03-01,23 day ahead inc hosp,2021-03-24,quantile,0.99,1349.6733902172837
06,2021-03-01,24 day ahead inc hosp,2021-03-25,quantile,0.01,25.444462297797216
06,2021-03-01,24 day ahead inc hosp,2021-03-25,quantile,0.025,41.04170807956356
06,2021-03-01,24 day ahead inc hosp,2021-03-25,quantile,0.05,58.294659868708
06,2021-03-01,24 day ahead inc hosp,2021-03-25,quantile,0.1,91.8023340649793
06,2021-03-01,24 day ahead inc hosp,2021-03-25,quantile,0.15,119.05252949399392
06,2021-03-01,24 day ahead inc hosp,2021-03-25,quantile,0.2,147.9727161234813
06,2021-03-01,24 day ahead inc hosp,2021-03-25,quantile,0.25,171.1079232887477
06,2021-03-01,24 day ahead inc hosp,2021-03-25,quantile,0.3,193.59429356026342
06,2021-03-01,24 day ahead inc hosp,2021-03-25,quantile,0.35,218.31185129508776
06,2021-03-01,24 day ahead inc hosp,2021-03-25,quantile,0.4,247.2395100532741
06,2021-03-01,24 day ahead inc hosp,2021-03-25,quantile,0.45,276.008859089868
06,2021-03-01,24 day ahead inc hosp,2021-03-25,quantile,0.5,306.54727421759975
06,2021-03-01,24 day ahead inc hosp,2021-03-25,quantile,0.55,345.99892241901455
06,2021-03-01,24 day ahead inc hosp,2021-03-25,quantile,0.6,379.88072776188835
06,2021-03-01,24 day ahead inc hosp,2021-03-25,quantile,0.65,418.28032598042637
06,2021-03-01,24 day ahead inc hosp,2021-03-25,quantile,0.7,460.58750911977
06,2021-03-01,24 day ahead inc hosp,2021-03-25,quantile,0.75,521.6792540753253
06,2021-03-01,24 day ahead inc hosp,2021-03-25,quantile,0.8,578.2839574708206
06,2021-03-01,24 day ahead inc hosp,2021-03-25,quantile,0.85,663.7928892140801
06,2021-03-01,24 day ahead inc hosp,2021-03-25,quantile,0.9,794.6664802046535
06,2021-03-01,24 day ahead inc hosp,2021-03-25,quantile,0.95,1005.387093102526
06,2021-03-01,24 day ahead inc hosp,2021-03-25,quantile,0.975,1166.5917985519086
06,2021-03-01,24 day ahead inc hosp,2021-03-25,quantile,0.99,1364.7878108574773
06,2021-03-01,25 day ahead inc hosp,2021-03-26,quantile,0.01,24.04407512104254
06,2021-03-01,25 day ahead inc hosp,2021-03-26,quantile,0.025,37.534370607817515
06,2021-03-01,25 day ahead inc hosp,2021-03-26,quantile,0.05,55.17859194851212
06,2021-03-01,25 day ahead inc hosp,2021-03-26,quantile,0.1,82.98168955023212
06,2021-03-01,25 day ahead inc hosp,2021-03-26,quantile,0.15,113.60888411060013
06,2021-03-01,25 day ahead inc hosp,2021-03-26,quantile,0.2,140.0540936331822
06,2021-03-01,25 day ahead inc hosp,2021-03-26,quantile,0.25,166.3974668030892
06,2021-03-01,25 day ahead inc hosp,2021-03-26,quantile,0.3,194.0795394873896
06,2021-03-01,25 day ahead inc hosp,2021-03-26,quantile,0.35,221.53139391810066
06,2021-03-01,25 day ahead inc hosp,2021-03-26,quantile,0.4,250.51300529056266
06,2021-03-01,25 day ahead inc hosp,2021-03-26,quantile,0.45,280.54846369690506
06,2021-03-01,25 day ahead inc hosp,2021-03-26,quantile,0.5,315.6995903469496
06,2021-03-01,25 day ahead inc hosp,2021-03-26,quantile,0.55,349.9683222406725
06,2021-03-01,25 day ahead inc hosp,2021-03-26,quantile,0.6,385.4164797283004
06,2021-03-01,25 day ahead inc hosp,2021-03-26,quantile,0.65,433.2755633802295
06,2021-03-01,25 day ahead inc hosp,2021-03-26,quantile,0.7,472.8602498612314
06,2021-03-01,25 day ahead inc hosp,2021-03-26,quantile,0.75,516.8423190744029
06,2021-03-01,25 day ahead inc hosp,2021-03-26,quantile,0.8,579.8099744507425
06,2021-03-01,25 day ahead inc hosp,2021-03-26,quantile,0.85,671.1561521419158
06,2021-03-01,25 day ahead inc hosp,2021-03-26,quantile,0.9,810.0682660754374
06,2021-03-01,25 day ahead inc hosp,2021-03-26,quantile,0.95,1055.8005332039593
06,2021-03-01,25 day ahead inc hosp,2021-03-26,quantile,0.975,1203.6985441818938
06,2021-03-01,25 day ahead inc hosp,2021-03-26,quantile,0.99,1405.7714754088236
06,2021-03-01,26 day ahead inc hosp,2021-03-27,quantile,0.01,19.1668325507866
06,2021-03-01,26 day ahead inc hosp,2021-03-27,quantile,0.025,32.4405232574327
06,2021-03-01,26 day ahead inc hosp,2021-03-27,quantile,0.05,52.67251942622812
06,2021-03-01,26 day ahead inc hosp,2021-03-27,quantile,0.1,81.6664954652658
06,2021-03-01,26 day ahead inc hosp,2021-03-27,quantile,0.15,107.30869872547504
06,2021-03-01,26 day ahead inc hosp,2021-03-27,quantile,0.2,134.7354318018677
06,2021-03-01,26 day ahead inc hosp,2021-03-27,quantile,0.25,155.68949353901206
06,2021-03-01,26 day ahead inc hosp,2021-03-27,quantile,0.3,185.35907696029727
06,2021-03-01,26 day ahead inc hosp,2021-03-27,quantile,0.35,216.23103212930667
06,2021-03-01,26 day ahead inc hosp,2021-03-27,quantile,0.4,244.1404345164666
06,2021-03-01,26 day ahead inc hosp,2021-03-27,quantile,0.45,272.9220907326443
06,2021-03-01,26 day ahead inc hosp,2021-03-27,quantile,0.5,306.3549023039664
06,2021-03-01,26 day ahead inc hosp,2021-03-27,quantile,0.55,338.6962367058342
06,2021-03-01,26 day ahead inc hosp,2021-03-27,quantile,0.6,374.92389993486256
06,2021-03-01,26 day ahead inc hosp,2021-03-27,quantile,0.65,420.0204824755549
06,2021-03-01,26 day ahead inc hosp,2021-03-27,quantile,0.7,472.60765023270255
06,2021-03-01,26 day ahead inc hosp,2021-03-27,quantile,0.75,530.5474969551747
06,2021-03-01,26 day ahead inc hosp,2021-03-27,quantile,0.8,588.9399708030573
06,2021-03-01,26 day ahead inc hosp,2021-03-27,quantile,0.85,677.0234922687613
06,2021-03-01,26 day ahead inc hosp,2021-03-27,quantile,0.9,825.2011324834766
06,2021-03-01,26 day ahead inc hosp,2021-03-27,quantile,0.95,1040.3251940206148
06,2021-03-01,26 day ahead inc hosp,2021-03-27,quantile,0.975,1246.232370589466
06,2021-03-01,26 day ahead inc hosp,2021-03-27,quantile,0.99,1465.2602715552075
06,2021-03-01,27 day ahead inc hosp,2021-03-28,quantile,0.01,17.724892848506553
06,2021-03-01,27 day ahead inc hosp,2021-03-28,quantile,0.025,27.04696520940214
06,2021-03-01,27 day ahead inc hosp,2021-03-28,quantile,0.05,47.276477623631465
06,2021-03-01,27 day ahead inc hosp,2021-03-28,quantile,0.1,75.00761465666311
06,2021-03-01,27 day ahead inc hosp,2021-03-28,quantile,0.15,100.8197050740565
06,2021-03-01,27 day ahead inc hosp,2021-03-28,quantile,0.2,127.71784504865302
06,2021-03-01,27 day ahead inc hosp,2021-03-28,quantile,0.25,149.96191935011862
06,2021-03-01,27 day ahead inc hosp,2021-03-28,quantile,0.3,183.803955067285
06,2021-03-01,27 day ahead inc hosp,2021-03-28,quantile,0.35,216.97124077615376
06,2021-03-01,27 day ahead inc hosp,2021-03-28,quantile,0.4,241.5714833331253
06,2021-03-01,27 day ahead inc hosp,2021-03-28,quantile,0.45,267.964712670263
06,2021-03-01,27 day ahead inc hosp,2021-03-28,quantile,0.5,303.3201038203363
06,2021-03-01,27 day ahead inc hosp,2021-03-28,quantile,0.55,341.67913235466
06,2021-03-01,27 day ahead inc hosp,2021-03-28,quantile,0.6,373.25625790440523
06,2021-03-01,27 day ahead inc hosp,2021-03-28,quantile,0.65,418.29329191175924
06,2021-03-01,27 day ahead inc hosp,2021-03-28,quantile,0.7,467.09698403378155
06,2021-03-01,27 day ahead inc hosp,2021-03-28,quantile,0.75,521.6597610239711
06,2021-03-01,27 day ahead inc hosp,2021-03-28,quantile,0.8,596.7222137407219
06,2021-03-01,27 day ahead inc hosp,2021-03-28,quantile,0.85,685.1543726634362
06,2021-03-01,27 day ahead inc hosp,2021-03-28,quantile,0.9,826.4704132249794
06,2021-03-01,27 day ahead inc hosp,2021-03-28,quantile,0.95,1078.091638812607
06,2021-03-01,27 day ahead inc hosp,2021-03-28,quantile,0.975,1317.4672310486467
06,2021-03-01,27 day ahead inc hosp,2021-03-28,quantile,0.99,1482.1111554963527
06,2021-03-01,28 day ahead inc hosp,2021-03-29,quantile,0.01,15.31339244744139
06,2021-03-01,28 day ahead inc hosp,2021-03-29,quantile,0.025,24.524952410453317
06,2021-03-01,28 day ahead inc hosp,2021-03-29,quantile,0.05,43.81999992580946
06,2021-03-01,28 day ahead inc hosp,2021-03-29,quantile,0.1,76.70126847452347
06,2021-03-01,28 day ahead inc hosp,2021-03-29,quantile,0.15,100.60754548154772
06,2021-03-01,28 day ahead inc hosp,2021-03-29,quantile,0.2,132.05909073266758
06,2021-03-01,28 day ahead inc hosp,2021-03-29,quantile,0.25,151.8149349889662
06,2021-03-01,28 day ahead inc hosp,2021-03-29,quantile,0.3,185.05397221424693
06,2021-03-01,28 day ahead inc hosp,2021-03-29,quantile,0.35,214.4183520677542
06,2021-03-01,28 day ahead inc hosp,2021-03-29,quantile,0.4,241.88955857619214
06,2021-03-01,28 day ahead inc hosp,2021-03-29,quantile,0.45,268.4531945283447
06,2021-03-01,28 day ahead inc hosp,2021-03-29,quantile,0.5,304.704690554224
06,2021-03-01,28 day ahead inc hosp,2021-03-29,quantile,0.55,346.3134878534024
06,2021-03-01,28 day ahead inc hosp,2021-03-29,quantile,0.6,388.5694126536895
06,2021-03-01,28 day ahead inc hosp,2021-03-29,quantile,0.65,425.2610837572868
06,2021-03-01,28 day ahead inc hosp,2021-03-29,quantile,0.7,472.0965748407935
06,2021-03-01,28 day ahead inc hosp,2021-03-29,quantile,0.75,549.91786681623
06,2021-03-01,28 day ahead inc hosp,2021-03-29,quantile,0.8,611.6108821909436
06,2021-03-01,28 day ahead inc hosp,2021-03-29,quantile,0.85,720.0231466074057
06,2021-03-01,28 day ahead inc hosp,2021-03-29,quantile,0.9,851.6657493707877
06,2021-03-01,28 day ahead inc hosp,2021-03-29,quantile,0.95,1124.6665657897736
06,2021-03-01,28 day ahead inc hosp,2021-03-29,quantile,0.975,1377.5412832350457
06,2021-03-01,28 day ahead inc hosp,2021-03-29,quantile,0.99,1570.8678038250525
06,2021-03-01,1 day ahead inc case,2021-03-02,quantile,0.01,1420.00644316313
06,2021-03-01,1 day ahead inc case,2021-03-02,quantile,0.025,1728.4379526663736
06,2021-03-01,1 day ahead inc case,2021-03-02,quantile,0.05,1943.2373919868846
06,2021-03-01,1 day ahead inc case,2021-03-02,quantile,0.1,2179.2436031713983
06,2021-03-01,1 day ahead inc case,2021-03-02,quantile,0.15,2393.6162333077764
06,2021-03-01,1 day ahead inc case,2021-03-02,quantile,0.2,2573.158287680012
06,2021-03-01,1 day ahead inc case,2021-03-02,quantile,0.25,2717.771015322648
06,2021-03-01,1 day ahead inc case,2021-03-02,quantile,0.3,2896.425712925239
06,2021-03-01,1 day ahead inc case,2021-03-02,quantile,0.35,3050.498740933586
06,2021-03-01,1 day ahead inc case,2021-03-02,quantile,0.4,3212.6927422302497
06,2021-03-01,1 day ahead inc case,2021-03-02,quantile,0.45,3401.4085320303775
06,2021-03-01,1 day ahead inc case,2021-03-02,quantile,0.5,3529.725208249073
06,2021-03-01,1 day ahead inc case,2021-03-02,quantile,0.55,3680.2193018471085
06,2021-03-01,1 day ahead inc case,2021-03-02,quantile,0.6,3825.251449723941
06,2021-03-01,1 day ahead inc case,2021-03-02,quantile,0.65,3962.6699056536786
06,2021-03-01,1 day ahead inc case,2021-03-02,quantile,0.7,4172.190058451165
06,2021-03-01,1 day ahead inc case,2021-03-02,quantile,0.75,4393.488431523659
06,2021-03-01,1 day ahead inc case,2021-03-02,quantile,0.8,4660.349799322231
06,2021-03-01,1 day ahead inc case,2021-03-02,quantile,0.85,4946.520189155294
06,2021-03-01,1 day ahead inc case,2021-03-02,quantile,0.9,5337.57186926698
06,2021-03-01,1 day ahead inc case,2021-03-02,quantile,0.95,5894.501418714722
06,2021-03-01,1 day ahead inc case,2021-03-02,quantile,0.975,6243.266621442424
06,2021-03-01,1 day ahead inc case,2021-03-02,quantile,0.99,7355.691163916508
06,2021-03-01,2 day ahead inc case,2021-03-03,quantile,0.01,907.3114065987393
06,2021-03-01,2 day ahead inc case,2021-03-03,quantile,0.025,1166.4317115269857
06,2021-03-01,2 day ahead inc case,2021-03-03,quantile,0.05,1427.5916374015235
06,2021-03-01,2 day ahead inc case,2021-03-03,quantile,0.1,1771.5487111163472
06,2021-03-01,2 day ahead inc case,2021-03-03,quantile,0.15,2042.3404235207583
06,2021-03-01,2 day ahead inc case,2021-03-03,quantile,0.2,2312.1997267940296
06,2021-03-01,2 day ahead inc case,2021-03-03,quantile,0.25,2522.5300704514943
06,2021-03-01,2 day ahead inc case,2021-03-03,quantile,0.3,2716.5052904759073
06,2021-03-01,2 day ahead inc case,2021-03-03,quantile,0.35,2893.060512187998
06,2021-03-01,2 day ahead inc case,2021-03-03,quantile,0.4,3063.012526933628
06,2021-03-01,2 day ahead inc case,2021-03-03,quantile,0.45,3260.542949025663
06,2021-03-01,2 day ahead inc case,2021-03-03,quantile,0.5,3432.3329842479284
06,2021-03-01,2 day ahead inc case,2021-03-03,quantile,0.55,3657.9879809429904
06,2021-03-01,2 day ahead inc case,2021-03-03,quantile,0.6,3941.228779817285
06,2021-03-01,2 day ahead inc case,2021-03-03,quantile,0.65,4148.056391721582
06,2021-03-01,2 day ahead inc case,2021-03-03,quantile,0.7,4393.9825479194005
06,2021-03-01,2 day ahead inc case,2021-03-03,quantile,0.75,4721.70964552682
06,2021-03-01,2 day ahead inc case,2021-03-03,quantile,0.8,5036.945813218993
06,2021-03-01,2 day ahead inc case,2021-03-03,quantile,0.85,5422.813593069851
06,2021-03-01,2 day ahead inc case,2021-03-03,quantile,0.9,5898.563099971292
06,2021-03-01,2 day ahead inc case,2021-03-03,quantile,0.95,6981.081260226138
06,2021-03-01,2 day ahead inc case,2021-03-03,quantile,0.975,8170.4398337760285
06,2021-03-01,2 day ahead inc case,2021-03-03,quantile,0.99,9626.007510741983
06,2021-03-01,3 day ahead inc case,2021-03-04,quantile,0.01,554.2264766674208
06,2021-03-01,3 day ahead inc case,2021-03-04,quantile,0.025,764.2505486370816
06,2021-03-01,3 day ahead inc case,2021-03-04,quantile,0.05,962.588104506533
06,2021-03-01,3 day ahead inc case,2021-03-04,quantile,0.1,1413.6038933581322
06,2021-03-01,3 day ahead inc case,2021-03-04,quantile,0.15,1793.9052478438275
06,2021-03-01,3 day ahead inc case,2021-03-04,quantile,0.2,1953.6861513190497
06,2021-03-01,3 day ahead inc case,2021-03-04,quantile,0.25,2241.9692429454185
06,2021-03-01,3 day ahead inc case,2021-03-04,quantile,0.3,2473.4135743029574
06,2021-03-01,3 day ahead inc case,2021-03-04,quantile,0.35,2707.453533403445
06,2021-03-01,3 day ahead inc case,2021-03-04,quantile,0.4,2922.0977034174457
06,2021-03-01,3 day ahead inc case,2021-03-04,quantile,0.45,3210.888598265115
06,2021-03-01,3 day ahead inc case,2021-03-04,quantile,0.5,3484.3756598485265
06,2021-03-01,3 day ahead inc case,2021-03-04,quantile,0.55,3761.631565909506
06,2021-03-01,3 day ahead inc case,2021-03-04,quantile,0.6,4036.959537534827
06,2021-03-01,3 day ahead inc case,2021-03-04,quantile,0.65,4256.043043934782
06,2021-03-01,3 day ahead inc case,2021-03-04,quantile,0.7,4589.720375894467
06,2021-03-01,3 day ahead inc case,2021-03-04,quantile,0.75,4907.205608613238
06,2021-03-01,3 day ahead inc case,2021-03-04,quantile,0.8,5366.166142808147
06,2021-03-01,3 day ahead inc case,2021-03-04,quantile,0.85,5979.964412109311
06,2021-03-01,3 day ahead inc case,2021-03-04,quantile,0.9,6955.813263075539
06,2021-03-01,3 day ahead inc case,2021-03-04,quantile,0.95,8492.731573862327
06,2021-03-01,3 day ahead inc case,2021-03-04,quantile,0.975,9817.652817063728
06,2021-03-01,3 day ahead inc case,2021-03-04,quantile,0.99,11363.056684872035
06,2021-03-01,4 day ahead inc case,2021-03-05,quantile,0.01,367.8768186974072
06,2021-03-01,4 day ahead inc case,2021-03-05,quantile,0.025,605.4252919294942
06,2021-03-01,4 day ahead inc case,2021-03-05,quantile,0.05,877.8318762501924
06,2021-03-01,4 day ahead inc case,2021-03-05,quantile,0.1,1212.1519893872787
06,2021-03-01,4 day ahead inc case,2021-03-05,quantile,0.15,1499.905950042181
06,2021-03-01,4 day ahead inc case,2021-03-05,quantile,0.2,1797.0840864046581
06,2021-03-01,4 day ahead inc case,2021-03-05,quantile,0.25,2092.9600926439603
06,2021-03-01,4 day ahead inc case,2021-03-05,quantile,0.3,2296.5590205185918
06,2021-03-01,4 day ahead inc case,2021-03-05,quantile,0.35,2537.5365787145356
06,2021-03-01,4 day ahead inc case,2021-03-05,quantile,0.4,2837.458565810758
06,2021-03-01,4 day ahead inc case,2021-03-05,quantile,0.45,3135.9082129336352
06,2021-03-01,4 day ahead inc case,2021-03-05,quantile,0.5,3403.430164765491
06,2021-03-01,4 day ahead inc case,2021-03-05,quantile,0.55,3748.9331936045064
06,2021-03-01,4 day ahead inc case,2021-03-05,quantile,0.6,4046.442732023823
06,2021-03-01,4 day ahead inc case,2021-03-05,quantile,0.65,4476.2578920627775
06,2021-03-01,4 day ahead inc case,2021-03-05,quantile,0.7,4890.697935259451
06,2021-03-01,4 day ahead inc case,2021-03-05,quantile,0.75,5444.862281469722
06,2021-03-01,4 day ahead inc case,2021-03-05,quantile,0.8,5965.920576981548
06,2021-03-01,4 day ahead inc case,2021-03-05,quantile,0.85,6622.394044974467
06,2021-03-01,4 day ahead inc case,2021-03-05,quantile,0.9,7444.01085242619
06,2021-03-01,4 day ahead inc case,2021-03-05,quantile,0.95,9563.747738640075
06,2021-03-01,4 day ahead inc case,2021-03-05,quantile,0.975,11022.171833538257
06,2021-03-01,4 day ahead inc case,2021-03-05,quantile,0.99,12309.363828888114
06,2021-03-01,5 day ahead inc case,2021-03-06,quantile,0.01,221.0791209650683
06,2021-03-01,5 day ahead inc case,2021-03-06,quantile,0.025,458.5724668671818
06,2021-03-01,5 day ahead inc case,2021-03-06,quantile,0.05,732.833119400827
06,2021-03-01,5 day ahead inc case,2021-03-06,quantile,0.1,1019.520076991615
06,2021-03-01,5 day ahead inc case,2021-03-06,quantile,0.15,1339.1727631291071
06,2021-03-01,5 day ahead inc case,2021-03-06,quantile,0.2,1564.8468925741506
06,2021-03-01,5 day ahead inc case,2021-03-06,quantile,0.25,1866.8394613039477
06,2021-03-01,5 day ahead inc case,2021-03-06,quantile,0.3,2061.0819789806646
06,2021-03-01,5 day ahead inc case,2021-03-06,quantile,0.35,2360.6219452651717
06,2021-03-01,5 day ahead inc case,2021-03-06,quantile,0.4,2647.6708001206225
06,2021-03-01,5 day ahead inc case,2021-03-06,quantile,0.45,2996.322888126118
06,2021-03-01,5 day ahead inc case,2021-03-06,quantile,0.5,3340.378015396879
06,2021-03-01,5 day ahead inc case,2021-03-06,quantile,0.55,3698.7896449105083
06,2021-03-01,5 day ahead inc case,2021-03-06,quantile,0.6,4113.855219733747
06,2021-03-01,5 day ahead inc case,2021-03-06,quantile,0.65,4443.800361439205
06,2021-03-01,5 day ahead inc case,2021-03-06,quantile,0.7,4957.752891732293
06,2021-03-01,5 day ahead inc case,2021-03-06,quantile,0.75,5553.958614874512
06,2021-03-01,5 day ahead inc case,2021-03-06,quantile,0.8,6208.7375036725125
06,2021-03-01,5 day ahead inc case,2021-03-06,quantile,0.85,6979.398648707948
06,2021-03-01,5 day ahead inc case,2021-03-06,quantile,0.9,8181.1825093402385
06,2021-03-01,5 day ahead inc case,2021-03-06,quantile,0.95,9665.80862568648
06,2021-03-01,5 day ahead inc case,2021-03-06,quantile,0.975,12393.114758669208
06,2021-03-01,5 day ahead inc case,2021-03-06,quantile,0.99,14648.480846486942
06,2021-03-01,6 day ahead inc case,2021-03-07,quantile,0.01,135.01528927071328
06,2021-03-01,6 day ahead inc case,2021-03-07,quantile,0.025,307.5506641415655
06,2021-03-01,6 day ahead inc case,2021-03-07,quantile,0.05,457.85256531655534
06,2021-03-01,6 day ahead inc case,2021-03-07,quantile,0.1,775.9657161253737
06,2021-03-01,6 day ahead inc case,2021-03-07,quantile,0.15,1056.3092921226857
06,2021-03-01,6 day ahead inc case,2021-03-07,quantile,0.2,1335.2190095407586
06,2021-03-01,6 day ahead inc case,2021-03-07,quantile,0.25,1537.828100503117
06,2021-03-01,6 day ahead inc case,2021-03-07,quantile,0.3,1762.3478839327754
06,2021-03-01,6 day ahead inc case,2021-03-07,quantile,0.35,2022.040433883454
06,2021-03-01,6 day ahead inc case,2021-03-07,quantile,0.4,2272.602502651085
06,2021-03-01,6 day ahead inc case,2021-03-07,quantile,0.45,2566.2855923140646
06,2021-03-01,6 day ahead inc case,2021-03-07,quantile,0.5,2948.452946780788
06,2021-03-01,6 day ahead inc case,2021-03-07,quantile,0.55,3251.5711467864207
06,2021-03-01,6 day ahead inc case,2021-03-07,quantile,0.6,3569.7009564896016
06,2021-03-01,6 day ahead inc case,2021-03-07,quantile,0.65,3929.283947709347
06,2021-03-01,6 day ahead inc case,2021-03-07,quantile,0.7,4504.964315678389
06,2021-03-01,6 day ahead inc case,2021-03-07,quantile,0.75,5160.565833346757
06,2021-03-01,6 day ahead inc case,2021-03-07,quantile,0.8,5805.853876624676
06,2021-03-01,6 day ahead inc case,2021-03-07,quantile,0.85,6804.048446593863
06,2021-03-01,6 day ahead inc case,2021-03-07,quantile,0.9,8356.173419619485
06,2021-03-01,6 day ahead inc case,2021-03-07,quantile,0.95,10534.503619402405
06,2021-03-01,6 day ahead inc case,2021-03-07,quantile,0.975,12596.223147171773
06,2021-03-01,6 day ahead inc case,2021-03-07,quantile,0.99,15438.031631411674
06,2021-03-01,7 day ahead inc case,2021-03-08,quantile,0.01,111.32803114634936
06,2021-03-01,7 day ahead inc case,2021-03-08,quantile,0.025,185.1877042584327
06,2021-03-01,7 day ahead inc case,2021-03-08,quantile,0.05,323.92100055402204
06,2021-03-01,7 day ahead inc case,2021-03-08,quantile,0.1,561.8877942294306
06,2021-03-01,7 day ahead inc case,2021-03-08,quantile,0.15,887.1139005942504
06,2021-03-01,7 day ahead inc case,2021-03-08,quantile,0.2,1126.8061787636136
06,2021-03-01,7 day ahead inc case,2021-03-08,quantile,0.25,1324.7545686560718
06,2021-03-01,7 day ahead inc case,2021-03-08,quantile,0.3,1551.0811194729358
06,2021-03-01,7 day ahead inc case,2021-03-08,quantile,0.35,1754.7522639005765
06,2021-03-01,7 day ahead inc case,2021-03-08,quantile,0.4,2045.3814112912794
06,2021-03-01,7 day ahead inc case,2021-03-08,quantile,0.45,2374.198653906238
06,2021-03-01,7 day ahead inc case,2021-03-08,quantile,0.5,2634.2759356184397
06,2021-03-01,7 day ahead inc case,2021-03-08,quantile,0.55,2983.880219999358
06,2021-03-01,7 day ahead inc case,2021-03-08,quantile,0.6,3402.151218976137
06,2021-03-01,7 day ahead inc case,2021-03-08,quantile,0.65,3868.1792518853404
06,2021-03-01,7 day ahead inc case,2021-03-08,quantile,0.7,4479.326964800502
06,2021-03-01,7 day ahead inc case,2021-03-08,quantile,0.75,4960.337263140441
06,2021-03-01,7 day ahead inc case,2021-03-08,quantile,0.8,5615.588722063665
06,2021-03-01,7 day ahead inc case,2021-03-08,quantile,0.85,6747.758755018188
06,2021-03-01,7 day ahead inc case,2021-03-08,quantile,0.9,8079.857629417785
06,2021-03-01,7 day ahead inc case,2021-03-08,quantile,0.95,10435.844588210392
06,2021-03-01,7 day ahead inc case,2021-03-08,quantile,0.975,12071.02421545214
06,2021-03-01,7 day ahead inc case,2021-03-08,quantile,0.99,16320.400597451702
06,2021-03-01,8 day ahead inc case,2021-03-09,quantile,0.01,45.71569249949305
06,2021-03-01,8 day ahead inc case,2021-03-09,quantile,0.025,129.8487908274615
06,2021-03-01,8 day ahead inc case,2021-03-09,quantile,0.05,265.46263075485365
06,2021-03-01,8 day ahead inc case,2021-03-09,quantile,0.1,525.8537205089605
06,2021-03-01,8 day ahead inc case,2021-03-09,quantile,0.15,767.0335475678885
06,2021-03-01,8 day ahead inc case,2021-03-09,quantile,0.2,1027.2501725811514
06,2021-03-01,8 day ahead inc case,2021-03-09,quantile,0.25,1244.979378844713
06,2021-03-01,8 day ahead inc case,2021-03-09,quantile,0.3,1605.5311586672638
06,2021-03-01,8 day ahead inc case,2021-03-09,quantile,0.35,1897.6979703111074
06,2021-03-01,8 day ahead inc case,2021-03-09,quantile,0.4,2145.524684787971
06,2021-03-01,8 day ahead inc case,2021-03-09,quantile,0.45,2531.1747354486993
06,2021-03-01,8 day ahead inc case,2021-03-09,quantile,0.5,2923.264787703731
06,2021-03-01,8 day ahead inc case,2021-03-09,quantile,0.55,3201.5449671369847
06,2021-03-01,8 day ahead inc case,2021-03-09,quantile,0.6,3637.00854589465
06,2021-03-01,8 day ahead inc case,2021-03-09,quantile,0.65,4140.585516766121
06,2021-03-01,8 day ahead inc case,2021-03-09,quantile,0.7,4735.188748452933
06,2021-03-01,8 day ahead inc case,2021-03-09,quantile,0.75,5509.271300148305
06,2021-03-01,8 day ahead inc case,2021-03-09,quantile,0.8,6399.990324994662
06,2021-03-01,8 day ahead inc case,2021-03-09,quantile,0.85,7557.362944765654
06,2021-03-01,8 day ahead inc case,2021-03-09,quantile,0.9,9350.458542125774
06,2021-03-01,8 day ahead inc case,2021-03-09,quantile,0.95,11951.041291186817
06,2021-03-01,8 day ahead inc case,2021-03-09,quantile,0.975,15687.283699169682
06,2021-03-01,8 day ahead inc case,2021-03-09,quantile,0.99,19868.344159535172
06,2021-03-01,9 day ahead inc case,2021-03-10,quantile,0.01,20.210314774814265
06,2021-03-01,9 day ahead inc case,2021-03-10,quantile,0.025,98.43684731354618
06,2021-03-01,9 day ahead inc case,2021-03-10,quantile,0.05,234.8918644721289
06,2021-03-01,9 day ahead inc case,2021-03-10,quantile,0.1,401.04713578454454
06,2021-03-01,9 day ahead inc case,2021-03-10,quantile,0.15,657.0607411260705
06,2021-03-01,9 day ahead inc case,2021-03-10,quantile,0.2,910.3166424096236
06,2021-03-01,9 day ahead inc case,2021-03-10,quantile,0.25,1120.9718172322873
06,2021-03-01,9 day ahead inc case,2021-03-10,quantile,0.3,1437.461282036537
06,2021-03-01,9 day ahead inc case,2021-03-10,quantile,0.35,1730.370534645241
06,2021-03-01,9 day ahead inc case,2021-03-10,quantile,0.4,2067.7172535911795
06,2021-03-01,9 day ahead inc case,2021-03-10,quantile,0.45,2367.4947761146323
06,2021-03-01,9 day ahead inc case,2021-03-10,quantile,0.5,2772.3249662606245
06,2021-03-01,9 day ahead inc case,2021-03-10,quantile,0.55,3269.976334935932
06,2021-03-01,9 day ahead inc case,2021-03-10,quantile,0.6,3754.0358541720434
06,2021-03-01,9 day ahead inc case,2021-03-10,quantile,0.65,4393.1530184604
06,2021-03-01,9 day ahead inc case,2021-03-10,quantile,0.7,5206.059447433977
06,2021-03-01,9 day ahead inc case,2021-03-10,quantile,0.75,5929.355167709541
06,2021-03-01,9 day ahead inc case,2021-03-10,quantile,0.8,6870.515421088693
06,2021-03-01,9 day ahead inc case,2021-03-10,quantile,0.85,8095.292741370438
06,2021-03-01,9 day ahead inc case,2021-03-10,quantile,0.9,10451.95983367145
06,2021-03-01,9 day ahead inc case,2021-03-10,quantile,0.95,14062.519715779516
06,2021-03-01,9 day ahead inc case,2021-03-10,quantile,0.975,16745.415671844865
06,2021-03-01,9 day ahead inc case,2021-03-10,quantile,0.99,22434.525595938063
06,2021-03-01,10 day ahead inc case,2021-03-11,quantile,0.01,18.53389502004505
06,2021-03-01,10 day ahead inc case,2021-03-11,quantile,0.025,53.721576561414636
06,2021-03-01,10 day ahead inc case,2021-03-11,quantile,0.05,134.50296576377715
06,2021-03-01,10 day ahead inc case,2021-03-11,quantile,0.1,349.95978307491885
06,2021-03-01,10 day ahead inc case,2021-03-11,quantile,0.15,558.3999638725869
06,2021-03-01,10 day ahead inc case,2021-03-11,quantile,0.2,771.6039683023769
06,2021-03-01,10 day ahead inc case,2021-03-11,quantile,0.25,1002.0369293342036
06,2021-03-01,10 day ahead inc case,2021-03-11,quantile,0.3,1274.4659329579106
06,2021-03-01,10 day ahead inc case,2021-03-11,quantile,0.35,1646.938883634709
06,2021-03-01,10 day ahead inc case,2021-03-11,quantile,0.4,1910.1817198669314
06,2021-03-01,10 day ahead inc case,2021-03-11,quantile,0.45,2460.40371431937
06,2021-03-01,10 day ahead inc case,2021-03-11,quantile,0.5,2870.7281019939132
06,2021-03-01,10 day ahead inc case,2021-03-11,quantile,0.55,3195.733775357568
06,2021-03-01,10 day ahead inc case,2021-03-11,quantile,0.6,3751.3367627242387
06,2021-03-01,10 day ahead inc case,2021-03-11,quantile,0.65,4587.471589663217
06,2021-03-01,10 day ahead inc case,2021-03-11,quantile,0.7,5393.816432718375
06,2021-03-01,10 day ahead inc case,2021-03-11,quantile,0.75,6153.664965877875
06,2021-03-01,10 day ahead inc case,2021-03-11,quantile,0.8,7350.758866027454
06,2021-03-01,10 day ahead inc case,2021-03-11,quantile,0.85,9151.796745750382
06,2021-03-01,10 day ahead inc case,2021-03-11,quantile,0.9,11497.00601155007
06,2021-03-01,10 day ahead inc case,2021-03-11,quantile,0.95,14564.651477772686
06,2021-03-01,10 day ahead inc case,2021-03-11,quantile,0.975,17829.69860800676
06,2021-03-01,10 day ahead inc case,2021-03-11,quantile,0.99,24313.021238639853
06,2021-03-01,11 day ahead inc case,2021-03-12,quantile,0.01,6.91818253011686
06,2021-03-01,11 day ahead inc case,2021-03-12,quantile,0.025,44.77960106876789
06,2021-03-01,11 day ahead inc case,2021-03-12,quantile,0.05,103.14373909862924
06,2021-03-01,11 day ahead inc case,2021-03-12,quantile,0.1,254.85168978157418
06,2021-03-01,11 day ahead inc case,2021-03-12,quantile,0.15,447.57709991484336
06,2021-03-01,11 day ahead inc case,2021-03-12,quantile,0.2,646.861476266963
06,2021-03-01,11 day ahead inc case,2021-03-12,quantile,0.25,839.280354331322
06,2021-03-01,11 day ahead inc case,2021-03-12,quantile,0.3,1150.016654883431
06,2021-03-01,11 day ahead inc case,2021-03-12,quantile,0.35,1570.7307606794625
06,2021-03-01,11 day ahead inc case,2021-03-12,quantile,0.4,1858.162373726785
06,2021-03-01,11 day ahead inc case,2021-03-12,quantile,0.45,2280.8818435911394
06,2021-03-01,11 day ahead inc case,2021-03-12,quantile,0.5,2613.066866176329
06,2021-03-01,11 day ahead inc case,2021-03-12,quantile,0.55,3228.3221495439857
06,2021-03-01,11 day ahead inc case,2021-03-12,quantile,0.6,3835.160297161999
06,2021-03-01,11 day ahead inc case,2021-03-12,quantile,0.65,4637.818219077929
06,2021-03-01,11 day ahead inc case,2021-03-12,quantile,0.7,5488.504018903949
06,2021-03-01,11 day ahead inc case,2021-03-12,quantile,0.75,6581.191945127005
06,2021-03-01,11 day ahead inc case,2021-03-12,quantile,0.8,7648.495708805009
06,2021-03-01,11 day ahead inc case,2021-03-12,quantile,0.85,9755.268365578999
06,2021-03-01,11 day ahead inc case,2021-03-12,quantile,0.9,12089.822187567366
06,2021-03-01,11 day ahead inc case,2021-03-12,quantile,0.95,16718.645187334583
06,2021-03-01,11 day ahead inc case,2021-03-12,quantile,0.975,21497.4790008146
06,2021-03-01,11 day ahead inc case,2021-03-12,quantile,0.99,27304.230883716227
06,2021-03-01,12 day ahead inc case,2021-03-13,quantile,0.01,0.6768581576782448
06,2021-03-01,12 day ahead inc case,2021-03-13,quantile,0.025,21.199731530123014
06,2021-03-01,12 day ahead inc case,2021-03-13,quantile,0.05,63.75777425028591
06,2021-03-01,12 day ahead inc case,2021-03-13,quantile,0.1,199.69167709193124
06,2021-03-01,12 day ahead inc case,2021-03-13,quantile,0.15,365.54235325534216
06,2021-03-01,12 day ahead inc case,2021-03-13,quantile,0.2,605.547981239712
06,2021-03-01,12 day ahead inc case,2021-03-13,quantile,0.25,840.4039017270812
06,2021-03-01,12 day ahead inc case,2021-03-13,quantile,0.3,1118.2970555841928
06,2021-03-01,12 day ahead inc case,2021-03-13,quantile,0.35,1405.6291289190067
06,2021-03-01,12 day ahead inc case,2021-03-13,quantile,0.4,1764.9726148965724
06,2021-03-01,12 day ahead inc case,2021-03-13,quantile,0.45,2141.783134283781
06,2021-03-01,12 day ahead inc case,2021-03-13,quantile,0.5,2736.384745206135
06,2021-03-01,12 day ahead inc case,2021-03-13,quantile,0.55,3364.8698809886755
06,2021-03-01,12 day ahead inc case,2021-03-13,quantile,0.6,4077.497798077409
06,2021-03-01,12 day ahead inc case,2021-03-13,quantile,0.65,4848.608475451305
06,2021-03-01,12 day ahead inc case,2021-03-13,quantile,0.7,5540.734280475684
06,2021-03-01,12 day ahead inc case,2021-03-13,quantile,0.75,6510.940457039483
06,2021-03-01,12 day ahead inc case,2021-03-13,quantile,0.8,7785.300569859645
06,2021-03-01,12 day ahead inc case,2021-03-13,quantile,0.85,9695.548740441724
06,2021-03-01,12 day ahead inc case,2021-03-13,quantile,0.9,12595.747200350677
06,2021-03-01,12 day ahead inc case,2021-03-13,quantile,0.95,18213.339770906157
06,2021-03-01,12 day ahead inc case,2021-03-13,quantile,0.975,22318.099370189866
06,2021-03-01,12 day ahead inc case,2021-03-13,quantile,0.99,29027.517429993197
06,2021-03-01,13 day ahead inc case,2021-03-14,quantile,0.01,0.4566448307092279
06,2021-03-01,13 day ahead inc case,2021-03-14,quantile,0.025,9.262539338882613
06,2021-03-01,13 day ahead inc case,2021-03-14,quantile,0.05,45.0697656625614
06,2021-03-01,13 day ahead inc case,2021-03-14,quantile,0.1,166.62339018646912
06,2021-03-01,13 day ahead inc case,2021-03-14,quantile,0.15,316.4806819710514
06,2021-03-01,13 day ahead inc case,2021-03-14,quantile,0.2,515.3256493616285
06,2021-03-01,13 day ahead inc case,2021-03-14,quantile,0.25,734.3512833323465
06,2021-03-01,13 day ahead inc case,2021-03-14,quantile,0.3,988.317852052997
06,2021-03-01,13 day ahead inc case,2021-03-14,quantile,0.35,1357.7546586561443
06,2021-03-01,13 day ahead inc case,2021-03-14,quantile,0.4,1739.2161620036168
06,2021-03-01,13 day ahead inc case,2021-03-14,quantile,0.45,2064.5375480620896
06,2021-03-01,13 day ahead inc case,2021-03-14,quantile,0.5,2488.302635818031
06,2021-03-01,13 day ahead inc case,2021-03-14,quantile,0.55,3143.6314757605883
06,2021-03-01,13 day ahead inc case,2021-03-14,quantile,0.6,4001.8352451121145
06,2021-03-01,13 day ahead inc case,2021-03-14,quantile,0.65,4837.095940090302
06,2021-03-01,13 day ahead inc case,2021-03-14,quantile,0.7,5855.517206220066
06,2021-03-01,13 day ahead inc case,2021-03-14,quantile,0.75,6869.348715527588
06,2021-03-01,13 day ahead inc case,2021-03-14,quantile,0.8,8128.398563637895
06,2021-03-01,13 day ahead inc case,2021-03-14,quantile,0.85,10685.047938787584
06,2021-03-01,13 day ahead inc case,2021-03-14,quantile,0.9,13705.75459114523
06,2021-03-01,13 day ahead inc case,2021-03-14,quantile,0.95,20217.442386981496
06,2021-03-01,13 day ahead inc case,2021-03-14,quantile,0.975,23284.372640865105
06,2021-03-01,13 day ahead inc case,2021-03-14,quantile,0.99,31486.629508763166
06,2021-03-01,14 day ahead inc case,2021-03-15,quantile,0.01,0.16100566940376718
06,2021-03-01,14 day ahead inc case,2021-03-15,quantile,0.025,5.638740029496338
06,2021-03-01,14 day ahead inc case,2021-03-15,quantile,0.05,19.367857733702948
06,2021-03-01,14 day ahead inc case,2021-03-15,quantile,0.1,109.40737740626214
06,2021-03-01,14 day ahead inc case,2021-03-15,quantile,0.15,249.9064057511317
06,2021-03-01,14 day ahead inc case,2021-03-15,quantile,0.2,446.78632940096946
06,2021-03-01,14 day ahead inc case,2021-03-15,quantile,0.25,694.4632343318798
06,2021-03-01,14 day ahead inc case,2021-03-15,quantile,0.3,908.5596499843172
06,2021-03-01,14 day ahead inc case,2021-03-15,quantile,0.35,1207.2027685076755
06,2021-03-01,14 day ahead inc case,2021-03-15,quantile,0.4,1526.3167482843085
06,2021-03-01,14 day ahead inc case,2021-03-15,quantile,0.45,2004.6437107028025
06,2021-03-01,14 day ahead inc case,2021-03-15,quantile,0.5,2508.8451601258826
06,2021-03-01,14 day ahead inc case,2021-03-15,quantile,0.55,2988.867269227955
06,2021-03-01,14 day ahead inc case,2021-03-15,quantile,0.6,3796.38430783355
06,2021-03-01,14 day ahead inc case,2021-03-15,quantile,0.65,4575.667859372624
06,2021-03-01,14 day ahead inc case,2021-03-15,quantile,0.7,5514.037536298028
06,2021-03-01,14 day ahead inc case,2021-03-15,quantile,0.75,6703.399188570468
06,2021-03-01,14 day ahead inc case,2021-03-15,quantile,0.8,8637.337024194385
06,2021-03-01,14 day ahead inc case,2021-03-15,quantile,0.85,10811.053216010145
06,2021-03-01,14 day ahead inc case,2021-03-15,quantile,0.9,14677.860550043839
06,2021-03-01,14 day ahead inc case,2021-03-15,quantile,0.95,21253.746339550242
06,2021-03-01,14 day ahead inc case,2021-03-15,quantile,0.975,24751.16447370538
06,2021-03-01,14 day ahead inc case,2021-03-15,quantile,0.99,32838.3335947008
06,2021-03-01,15 day ahead inc case,2021-03-16,quantile,0.01,0.0
06,2021-03-01,15 day ahead inc case,2021-03-16,quantile,0.025,1.7199571397251128
06,2021-03-01,15 day ahead inc case,2021-03-16,quantile,0.05,16.136039655741023
06,2021-03-01,15 day ahead inc case,2021-03-16,quantile,0.1,100.13961465712735
06,2021-03-01,15 day ahead inc case,2021-03-16,quantile,0.15,229.90475901289275
06,2021-03-01,15 day ahead inc case,2021-03-16,quantile,0.2,397.8080549452465
06,2021-03-01,15 day ahead inc case,2021-03-16,quantile,0.25,582.2880484594168
06,2021-03-01,15 day ahead inc case,2021-03-16,quantile,0.3,787.9929731163554
06,2021-03-01,15 day ahead inc case,2021-03-16,quantile,0.35,1117.1048281935657
06,2021-03-01,15 day ahead inc case,2021-03-16,quantile,0.4,1574.7393653098923
06,2021-03-01,15 day ahead inc case,2021-03-16,quantile,0.45,2055.316648492393
06,2021-03-01,15 day ahead inc case,2021-03-16,quantile,0.5,2586.0239246004826
06,2021-03-01,15 day ahead inc case,2021-03-16,quantile,0.55,3262.599292715728
06,2021-03-01,15 day ahead inc case,2021-03-16,quantile,0.6,3822.7643342684455
06,2021-03-01,15 day ahead inc case,2021-03-16,quantile,0.65,4598.12792650463
06,2021-03-01,15 day ahead inc case,2021-03-16,quantile,0.7,5703.536886883741
06,2021-03-01,15 day ahead inc case,2021-03-16,quantile,0.75,7319.976141424725
06,2021-03-01,15 day ahead inc case,2021-03-16,quantile,0.8,9204.406941097399
06,2021-03-01,15 day ahead inc case,2021-03-16,quantile,0.85,11451.61797460791
06,2021-03-01,15 day ahead inc case,2021-03-16,quantile,0.9,15630.642820767758
06,2021-03-01,15 day ahead inc case,2021-03-16,quantile,0.95,22676.266751999523
06,2021-03-01,15 day ahead inc case,2021-03-16,quantile,0.975,29810.643372631173
06,2021-03-01,15 day ahead inc case,2021-03-16,quantile,0.99,37841.258073817975
06,2021-03-01,16 day ahead inc case,2021-03-17,quantile,0.01,0.0
06,2021-03-01,16 day ahead inc case,2021-03-17,quantile,0.025,0.32230577655916437
06,2021-03-01,16 day ahead inc case,2021-03-17,quantile,0.05,7.671181883172686
06,2021-03-01,16 day ahead inc case,2021-03-17,quantile,0.1,86.50825420343142
06,2021-03-01,16 day ahead inc case,2021-03-17,quantile,0.15,220.02378695393153
06,2021-03-01,16 day ahead inc case,2021-03-17,quantile,0.2,359.27106395627754
06,2021-03-01,16 day ahead inc case,2021-03-17,quantile,0.25,533.8973970736799
06,2021-03-01,16 day ahead inc case,2021-03-17,quantile,0.3,828.6896572766285
06,2021-03-01,16 day ahead inc case,2021-03-17,quantile,0.35,1149.1745358110902
06,2021-03-01,16 day ahead inc case,2021-03-17,quantile,0.4,1490.2282638770753
06,2021-03-01,16 day ahead inc case,2021-03-17,quantile,0.45,1968.38661480548
06,2021-03-01,16 day ahead inc case,2021-03-17,quantile,0.5,2536.067458529396
06,2021-03-01,16 day ahead inc case,2021-03-17,quantile,0.55,3137.3621194767425
06,2021-03-01,16 day ahead inc case,2021-03-17,quantile,0.6,3893.2021941795847
06,2021-03-01,16 day ahead inc case,2021-03-17,quantile,0.65,4687.578949314579
06,2021-03-01,16 day ahead inc case,2021-03-17,quantile,0.7,6005.691902161853
06,2021-03-01,16 day ahead inc case,2021-03-17,quantile,0.75,7853.498682159979
06,2021-03-01,16 day ahead inc case,2021-03-17,quantile,0.8,9870.151029953453
06,2021-03-01,16 day ahead inc case,2021-03-17,quantile,0.85,12878.26868234336
06,2021-03-01,16 day ahead inc case,2021-03-17,quantile,0.9,16329.096815101284
06,2021-03-01,16 day ahead inc case,2021-03-17,quantile,0.95,24426.59423574423
06,2021-03-01,16 day ahead inc case,2021-03-17,quantile,0.975,32244.178394443912
06,2021-03-01,16 day ahead inc case,2021-03-17,quantile,0.99,42089.825125169686
06,2021-03-01,17 day ahead inc case,2021-03-18,quantile,0.01,0.0
06,2021-03-01,17 day ahead inc case,2021-03-18,quantile,0.025,0.0846598014741857
06,2021-03-01,17 day ahead inc case,2021-03-18,quantile,0.05,3.332045804380925
06,2021-03-01,17 day ahead inc case,2021-03-18,quantile,0.1,46.64992895227044
06,2021-03-01,17 day ahead inc case,2021-03-18,quantile,0.15,194.47261216327254
06,2021-03-01,17 day ahead inc case,2021-03-18,quantile,0.2,327.04236689894924
06,2021-03-01,17 day ahead inc case,2021-03-18,quantile,0.25,518.8755203132476
06,2021-03-01,17 day ahead inc case,2021-03-18,quantile,0.3,770.0664836022494
06,2021-03-01,17 day ahead inc case,2021-03-18,quantile,0.35,1079.7817146393627
06,2021-03-01,17 day ahead inc case,2021-03-18,quantile,0.4,1455.1872938994502
06,2021-03-01,17 day ahead inc case,2021-03-18,quantile,0.45,1990.3926254527414
06,2021-03-01,17 day ahead inc case,2021-03-18,quantile,0.5,2477.5432869638794
06,2021-03-01,17 day ahead inc case,2021-03-18,quantile,0.55,3011.059696812961
06,2021-03-01,17 day ahead inc case,2021-03-18,quantile,0.6,3935.716987236612
06,2021-03-01,17 day ahead inc case,2021-03-18,quantile,0.65,4884.337643553279
06,2021-03-01,17 day ahead inc case,2021-03-18,quantile,0.7,6196.846532943817
06,2021-03-01,17 day ahead inc case,2021-03-18,quantile,0.75,7692.76931935519
06,2021-03-01,17 day ahead inc case,2021-03-18,quantile,0.8,9862.588238253204
06,2021-03-01,17 day ahead inc case,2021-03-18,quantile,0.85,13171.75390981883
06,2021-03-01,17 day ahead inc case,2021-03-18,quantile,0.9,16583.084597663772
06,2021-03-01,17 day ahead inc case,2021-03-18,quantile,0.95,25609.44530728149
06,2021-03-01,17 day ahead inc case,2021-03-18,quantile,0.975,35539.365688381265
06,2021-03-01,17 day ahead inc case,2021-03-18,quantile,0.99,44876.252856488085
06,2021-03-01,18 day ahead inc case,2021-03-19,quantile,0.01,0.0
06,2021-03-01,18 day ahead inc case,2021-03-19,quantile,0.025,0.0008940157892441419
06,2021-03-01,18 day ahead inc case,2021-03-19,quantile,0.05,1.4233896156784505
06,2021-03-01,18 day ahead inc case,2021-03-19,quantile,0.1,41.85549816713271
06,2021-03-01,18 day ahead inc case,2021-03-19,quantile,0.15,152.8227867865965
06,2021-03-01,18 day ahead inc case,2021-03-19,quantile,0.2,304.47156469878166
06,2021-03-01,18 day ahead inc case,2021-03-19,quantile,0.25,474.0032502418917
06,2021-03-01,18 day ahead inc case,2021-03-19,quantile,0.3,709.7329523475995
06,2021-03-01,18 day ahead inc case,2021-03-19,quantile,0.35,1052.3466229634828
06,2021-03-01,18 day ahead inc case,2021-03-19,quantile,0.4,1414.4717451678484
06,2021-03-01,18 day ahead inc case,2021-03-19,quantile,0.45,1862.367884180713
06,2021-03-01,18 day ahead inc case,2021-03-19,quantile,0.5,2346.4822496725988
06,2021-03-01,18 day ahead inc case,2021-03-19,quantile,0.55,2920.1869803852405
06,2021-03-01,18 day ahead inc case,2021-03-19,quantile,0.6,3733.7923092886863
06,2021-03-01,18 day ahead inc case,2021-03-19,quantile,0.65,4811.5433536798455
06,2021-03-01,18 day ahead inc case,2021-03-19,quantile,0.7,6126.8048286783405
06,2021-03-01,18 day ahead inc case,2021-03-19,quantile,0.75,7866.1528468020015
06,2021-03-01,18 day ahead inc case,2021-03-19,quantile,0.8,10065.937353541109
06,2021-03-01,18 day ahead inc case,2021-03-19,quantile,0.85,13744.614648518955
06,2021-03-01,18 day ahead inc case,2021-03-19,quantile,0.9,17817.060503226272
06,2021-03-01,18 day ahead inc case,2021-03-19,quantile,0.95,26881.162931868275
06,2021-03-01,18 day ahead inc case,2021-03-19,quantile,0.975,37993.72593746231
06,2021-03-01,18 day ahead inc case,2021-03-19,quantile,0.99,48499.417885598225
06,2021-03-01,19 day ahead inc case,2021-03-20,quantile,0.01,0.0
06,2021-03-01,19 day ahead inc case,2021-03-20,quantile,0.025,0.0
06,2021-03-01,19 day ahead inc case,2021-03-20,quantile,0.05,0.4183630357289205
06,2021-03-01,19 day ahead inc case,2021-03-20,quantile,0.1,33.511676369577295
06,2021-03-01,19 day ahead inc case,2021-03-20,quantile,0.15,131.2562883247798
06,2021-03-01,19 day ahead inc case,2021-03-20,quantile,0.2,268.56133524919983
06,2021-03-01,19 day ahead inc case,2021-03-20,quantile,0.25,436.0661083710911
06,2021-03-01,19 day ahead inc case,2021-03-20,quantile,0.3,678.515898094102
06,2021-03-01,19 day ahead inc case,2021-03-20,quantile,0.35,927.8130574216792
06,2021-03-01,19 day ahead inc case,2021-03-20,quantile,0.4,1318.1345064540906
06,2021-03-01,19 day ahead inc case,2021-03-20,quantile,0.45,1675.81276556013
06,2021-03-01,19 day ahead inc case,2021-03-20,quantile,0.5,2259.3300194247304
06,2021-03-01,19 day ahead inc case,2021-03-20,quantile,0.55,2922.9090105488185
06,2021-03-01,19 day ahead inc case,2021-03-20,quantile,0.6,3781.741118453185
06,2021-03-01,19 day ahead inc case,2021-03-20,quantile,0.65,4917.983466483019
06,2021-03-01,19 day ahead inc case,2021-03-20,quantile,0.7,6235.916632319918
06,2021-03-01,19 day ahead inc case,2021-03-20,quantile,0.75,8269.797464855626
06,2021-03-01,19 day ahead inc case,2021-03-20,quantile,0.8,10948.256040775734
06,2021-03-01,19 day ahead inc case,2021-03-20,quantile,0.85,14337.184828142756
06,2021-03-01,19 day ahead inc case,2021-03-20,quantile,0.9,19317.185336086437
06,2021-03-01,19 day ahead inc case,2021-03-20,quantile,0.95,30372.015163993274
06,2021-03-01,19 day ahead inc case,2021-03-20,quantile,0.975,39837.007769652104
06,2021-03-01,19 day ahead inc case,2021-03-20,quantile,0.99,56226.90046833853
06,2021-03-01,20 day ahead inc case,2021-03-21,quantile,0.01,0.0
06,2021-03-01,20 day ahead inc case,2021-03-21,quantile,0.025,0.0
06,2021-03-01,20 day ahead inc case,2021-03-21,quantile,0.05,0.1863329338075241
06,2021-03-01,20 day ahead inc case,2021-03-21,quantile,0.1,31.141764496679478
06,2021-03-01,20 day ahead inc case,2021-03-21,quantile,0.15,106.41427532042626
06,2021-03-01,20 day ahead inc case,2021-03-21,quantile,0.2,216.13141221581398
06,2021-03-01,20 day ahead inc case,2021-03-21,quantile,0.25,365.22228124300733
06,2021-03-01,20 day ahead inc case,2021-03-21,quantile,0.3,589.3624110507739
06,2021-03-01,20 day ahead inc case,2021-03-21,quantile,0.35,888.7644989004528
06,2021-03-01,20 day ahead inc case,2021-03-21,quantile,0.4,1200.5728833258177
06,2021-03-01,20 day ahead inc case,2021-03-21,quantile,0.45,1686.6784173719584
06,2021-03-01,20 day ahead inc case,2021-03-21,quantile,0.5,2192.734726367561
06,2021-03-01,20 day ahead inc case,2021-03-21,quantile,0.55,2874.4979595629825
06,2021-03-01,20 day ahead inc case,2021-03-21,quantile,0.6,3812.4206243993935
06,2021-03-01,20 day ahead inc case,2021-03-21,quantile,0.65,5199.580579646483
06,2021-03-01,20 day ahead inc case,2021-03-21,quantile,0.7,6596.033285750451
06,2021-03-01,20 day ahead inc case,2021-03-21,quantile,0.75,8591.625994030668
06,2021-03-01,20 day ahead inc case,2021-03-21,quantile,0.8,11501.842542899009
06,2021-03-01,20 day ahead inc case,2021-03-21,quantile,0.85,15022.026917554458
06,2021-03-01,20 day ahead inc case,2021-03-21,quantile,0.9,20296.31848027995
06,2021-03-01,20 day ahead inc case,2021-03-21,quantile,0.95,30367.8396372535
06,2021-03-01,20 day ahead inc case,2021-03-21,quantile,0.975,42907.42773389831
06,2021-03-01,20 day ahead inc case,2021-03-21,quantile,0.99,58457.246690537584
06,2021-03-01,21 day ahead inc case,2021-03-22,quantile,0.01,0.0
06,2021-03-01,21 day ahead inc case,2021-03-22,quantile,0.025,0.0
06,2021-03-01,21 day ahead inc case,2021-03-22,quantile,0.05,0.4207228233317969
06,2021-03-01,21 day ahead inc case,2021-03-22,quantile,0.1,13.740155734703187
06,2021-03-01,21 day ahead inc case,2021-03-22,quantile,0.15,68.43865925223105
06,2021-03-01,21 day ahead inc case,2021-03-22,quantile,0.2,182.97121183962375
06,2021-03-01,21 day ahead inc case,2021-03-22,quantile,0.25,338.37651110729485
06,2021-03-01,21 day ahead inc case,2021-03-22,quantile,0.3,550.0172042373446
06,2021-03-01,21 day ahead inc case,2021-03-22,quantile,0.35,837.44508758715
06,2021-03-01,21 day ahead inc case,2021-03-22,quantile,0.4,1213.2612505015513
06,2021-03-01,21 day ahead inc case,2021-03-22,quantile,0.45,1655.9580591033202
06,2021-03-01,21 day ahead inc case,2021-03-22,quantile,0.5,2182.9997782725745
06,2021-03-01,21 day ahead inc case,2021-03-22,quantile,0.55,2931.578555369084
06,2021-03-01,21 day ahead inc case,2021-03-22,quantile,0.6,4002.324874610597
06,2021-03-01,21 day ahead inc case,2021-03-22,quantile,0.65,5075.510659244046
06,2021-03-01,21 day ahead inc case,2021-03-22,quantile,0.7,6709.274809848173
06,2021-03-01,21 day ahead inc case,2021-03-22,quantile,0.75,8871.950680219725
06,2021-03-01,21 day ahead inc case,2021-03-22,quantile,0.8,12143.371320232065
06,2021-03-01,21 day ahead inc case,2021-03-22,quantile,0.85,16163.744399183877
06,2021-03-01,21 day ahead inc case,2021-03-22,quantile,0.9,22576.69318235228
06,2021-03-01,21 day ahead inc case,2021-03-22,quantile,0.95,34751.51344328426
06,2021-03-01,21 day ahead inc case,2021-03-22,quantile,0.975,45845.59904677227
06,2021-03-01,21 day ahead inc case,2021-03-22,quantile,0.99,63335.037776700796
06,2021-03-01,22 day ahead inc case,2021-03-23,quantile,0.01,0.0
06,2021-03-01,22 day ahead inc case,2021-03-23,quantile,0.025,0.0
06,2021-03-01,22 day ahead inc case,2021-03-23,quantile,0.05,0.025607464656236888
06,2021-03-01,22 day ahead inc case,2021-03-23,quantile,0.1,9.479921508682668
06,2021-03-01,22 day ahead inc case,2021-03-23,quantile,0.15,56.50931395672321
06,2021-03-01,22 day ahead inc case,2021-03-23,quantile,0.2,167.36826513053398
06,2021-03-01,22 day ahead inc case,2021-03-23,quantile,0.25,314.9187888597996
06,2021-03-01,22 day ahead inc case,2021-03-23,quantile,0.3,504.3382572473789
06,2021-03-01,22 day ahead inc case,2021-03-23,quantile,0.35,857.9188820636908
06,2021-03-01,22 day ahead inc case,2021-03-23,quantile,0.4,1266.2899391720778
06,2021-03-01,22 day ahead inc case,2021-03-23,quantile,0.45,1730.7901827620221
06,2021-03-01,22 day ahead inc case,2021-03-23,quantile,0.5,2302.9742316654438
06,2021-03-01,22 day ahead inc case,2021-03-23,quantile,0.55,2864.380194878179
06,2021-03-01,22 day ahead inc case,2021-03-23,quantile,0.6,3918.3235658421913
06,2021-03-01,22 day ahead inc case,2021-03-23,quantile,0.65,5243.260736732543
06,2021-03-01,22 day ahead inc case,2021-03-23,quantile,0.7,6922.844320172885
06,2021-03-01,22 day ahead inc case,2021-03-23,quantile,0.75,9890.693442670596
06,2021-03-01,22 day ahead inc case,2021-03-23,quantile,0.8,12798.681279094748
06,2021-03-01,22 day ahead inc case,2021-03-23,quantile,0.85,17792.854643982657
06,2021-03-01,22 day ahead inc case,2021-03-23,quantile,0.9,24140.61456842083
06,2021-03-01,22 day ahead inc case,2021-03-23,quantile,0.95,36704.32571591226
06,2021-03-01,22 day ahead inc case,2021-03-23,quantile,0.975,47976.082800574455
06,2021-03-01,22 day ahead inc case,2021-03-23,quantile,0.99,73100.14810249305
06,2021-03-01,23 day ahead inc case,2021-03-24,quantile,0.01,0.0
06,2021-03-01,23 day ahead inc case,2021-03-24,quantile,0.025,0.0
06,2021-03-01,23 day ahead inc case,2021-03-24,quantile,0.05,0.0009466304406194651
06,2021-03-01,23 day ahead inc case,2021-03-24,quantile,0.1,8.849420703968143
06,2021-03-01,23 day ahead inc case,2021-03-24,quantile,0.15,60.43708503589316
06,2021-03-01,23 day ahead inc case,2021-03-24,quantile,0.2,176.98459903526424
06,2021-03-01,23 day ahead inc case,2021-03-24,quantile,0.25,314.4027391333821
06,2021-03-01,23 day ahead inc case,2021-03-24,quantile,0.3,502.9584578378408
06,2021-03-01,23 day ahead inc case,2021-03-24,quantile,0.35,828.9388493656965
06,2021-03-01,23 day ahead inc case,2021-03-24,quantile,0.4,1237.1863378235782
06,2021-03-01,23 day ahead inc case,2021-03-24,quantile,0.45,1753.9585806762161
06,2021-03-01,23 day ahead inc case,2021-03-24,quantile,0.5,2414.008884063594
06,2021-03-01,23 day ahead inc case,2021-03-24,quantile,0.55,2983.9451049436993
06,2021-03-01,23 day ahead inc case,2021-03-24,quantile,0.6,4050.9356528572525
06,2021-03-01,23 day ahead inc case,2021-03-24,quantile,0.65,5498.216409078356
06,2021-03-01,23 day ahead inc case,2021-03-24,quantile,0.7,7564.762092874677
06,2021-03-01,23 day ahead inc case,2021-03-24,quantile,0.75,10343.208132358357
06,2021-03-01,23 day ahead inc case,2021-03-24,quantile,0.8,13992.448942885014
06,2021-03-01,23 day ahead inc case,2021-03-24,quantile,0.85,18172.204704547297
06,2021-03-01,23 day ahead inc case,2021-03-24,quantile,0.9,25978.565190046113
06,2021-03-01,23 day ahead inc case,2021-03-24,quantile,0.95,40386.2959420176
06,2021-03-01,23 day ahead inc case,2021-03-24,quantile,0.975,54049.01220405808
06,2021-03-01,23 day ahead inc case,2021-03-24,quantile,0.99,76608.84082837593
06,2021-03-01,24 day ahead inc case,2021-03-25,quantile,0.01,0.0
06,2021-03-01,24 day ahead inc case,2021-03-25,quantile,0.025,0.0
06,2021-03-01,24 day ahead inc case,2021-03-25,quantile,0.05,8.458187675373178e-09
06,2021-03-01,24 day ahead inc case,2021-03-25,quantile,0.1,4.160187538082587
06,2021-03-01,24 day ahead inc case,2021-03-25,quantile,0.15,53.4730586023363
06,2021-03-01,24 day ahead inc case,2021-03-25,quantile,0.2,149.8354540667186
06,2021-03-01,24 day ahead inc case,2021-03-25,quantile,0.25,322.5167601442325
06,2021-03-01,24 day ahead inc case,2021-03-25,quantile,0.3,544.6546277311232
06,2021-03-01,24 day ahead inc case,2021-03-25,quantile,0.35,829.7679444929316
06,2021-03-01,24 day ahead inc case,2021-03-25,quantile,0.4,1244.4721499585255
06,2021-03-01,24 day ahead inc case,2021-03-25,quantile,0.45,1651.9817609898134
06,2021-03-01,24 day ahead inc case,2021-03-25,quantile,0.5,2164.6480993510545
06,2021-03-01,24 day ahead inc case,2021-03-25,quantile,0.55,2929.074944768136
06,2021-03-01,24 day ahead inc case,2021-03-25,quantile,0.6,4165.788114690678
06,2021-03-01,24 day ahead inc case,2021-03-25,quantile,0.65,5473.767930637695
06,2021-03-01,24 day ahead inc case,2021-03-25,quantile,0.7,7851.151537764539
06,2021-03-01,24 day ahead inc case,2021-03-25,quantile,0.75,10257.37433478313
06,2021-03-01,24 day ahead inc case,2021-03-25,quantile,0.8,13690.831113200828
06,2021-03-01,24 day ahead inc case,2021-03-25,quantile,0.85,18445.541573469505
06,2021-03-01,24 day ahead inc case,2021-03-25,quantile,0.9,26821.028677080016
06,2021-03-01,24 day ahead inc case,2021-03-25,quantile,0.95,43442.17559308243
06,2021-03-01,24 day ahead inc case,2021-03-25,quantile,0.975,57114.46837333458
06,2021-03-01,24 day ahead inc case,2021-03-25,quantile,0.99,77902.36950647025
06,2021-03-01,25 day ahead inc case,2021-03-26,quantile,0.01,0.0
06,2021-03-01,25 day ahead inc case,2021-03-26,quantile,0.025,0.0
06,2021-03-01,25 day ahead inc case,2021-03-26,quantile,0.05,0.0
06,2021-03-01,25 day ahead inc case,2021-03-26,quantile,0.1,3.0310113159270258
06,2021-03-01,25 day ahead inc case,2021-03-26,quantile,0.15,48.08647752102236
06,2021-03-01,25 day ahead inc case,2021-03-26,quantile,0.2,157.88933753794723
06,2021-03-01,25 day ahead inc case,2021-03-26,quantile,0.25,318.07089524440295
06,2021-03-01,25 day ahead inc case,2021-03-26,quantile,0.3,492.93258641982834
06,2021-03-01,25 day ahead inc case,2021-03-26,quantile,0.35,733.2311590683254
06,2021-03-01,25 day ahead inc case,2021-03-26,quantile,0.4,1134.9167387763032
06,2021-03-01,25 day ahead inc case,2021-03-26,quantile,0.45,1618.91543512802
06,2021-03-01,25 day ahead inc case,2021-03-26,quantile,0.5,2228.9299376711024
06,2021-03-01,25 day ahead inc case,2021-03-26,quantile,0.55,3088.321853148849
06,2021-03-01,25 day ahead inc case,2021-03-26,quantile,0.6,4161.839682700859
06,2021-03-01,25 day ahead inc case,2021-03-26,quantile,0.65,5838.656712385816
06,2021-03-01,25 day ahead inc case,2021-03-26,quantile,0.7,7835.773002640392
06,2021-03-01,25 day ahead inc case,2021-03-26,quantile,0.75,11134.183878217618
06,2021-03-01,25 day ahead inc case,2021-03-26,quantile,0.8,14567.686960528063
06,2021-03-01,25 day ahead inc case,2021-03-26,quantile,0.85,19094.771436520656
06,2021-03-01,25 day ahead inc case,2021-03-26,quantile,0.9,27001.6532720665
06,2021-03-01,25 day ahead inc case,2021-03-26,quantile,0.95,40833.70100467956
06,2021-03-01,25 day ahead inc case,2021-03-26,quantile,0.975,59681.10507282511
06,2021-03-01,25 day ahead inc case,2021-03-26,quantile,0.99,76248.76590082602
06,2021-03-01,26 day ahead inc case,2021-03-27,quantile,0.01,0.0
06,2021-03-01,26 day ahead inc case,2021-03-27,quantile,0.025,0.0
06,2021-03-01,26 day ahead inc case,2021-03-27,quantile,0.05,0.0
06,2021-03-01,26 day ahead inc case,2021-03-27,quantile,0.1,1.657274132593545
06,2021-03-01,26 day ahead inc case,2021-03-27,quantile,0.15,35.663503071444346
06,2021-03-01,26 day ahead inc case,2021-03-27,quantile,0.2,120.91665856650093
06,2021-03-01,26 day ahead inc case,2021-03-27,quantile,0.25,280.8622229387195
06,2021-03-01,26 day ahead inc case,2021-03-27,quantile,0.3,439.01473084340296
06,2021-03-01,26 day ahead inc case,2021-03-27,quantile,0.35,711.6480584807576
06,2021-03-01,26 day ahead inc case,2021-03-27,quantile,0.4,1041.0829884786501
06,2021-03-01,26 day ahead inc case,2021-03-27,quantile,0.45,1676.134715530841
06,2021-03-01,26 day ahead inc case,2021-03-27,quantile,0.5,2235.250879698258
06,2021-03-01,26 day ahead inc case,2021-03-27,quantile,0.55,3244.5398753817763
06,2021-03-01,26 day ahead inc case,2021-03-27,quantile,0.6,4267.1672804162
06,2021-03-01,26 day ahead inc case,2021-03-27,quantile,0.65,5684.754873239092
06,2021-03-01,26 day ahead inc case,2021-03-27,quantile,0.7,8043.068206696553
06,2021-03-01,26 day ahead inc case,2021-03-27,quantile,0.75,11523.919268783111
06,2021-03-01,26 day ahead inc case,2021-03-27,quantile,0.8,15357.360977352879
06,2021-03-01,26 day ahead inc case,2021-03-27,quantile,0.85,19250.39343453949
06,2021-03-01,26 day ahead inc case,2021-03-27,quantile,0.9,27246.61207019952
06,2021-03-01,26 day ahead inc case,2021-03-27,quantile,0.95,44229.012788775406
06,2021-03-01,26 day ahead inc case,2021-03-27,quantile,0.975,62657.920587570756
06,2021-03-01,26 day ahead inc case,2021-03-27,quantile,0.99,89525.62549690917
06,2021-03-01,27 day ahead inc case,2021-03-28,quantile,0.01,0.0
06,2021-03-01,27 day ahead inc case,2021-03-28,quantile,0.025,0.0
06,2021-03-01,27 day ahead inc case,2021-03-28,quantile,0.05,0.0
06,2021-03-01,27 day ahead inc case,2021-03-28,quantile,0.1,1.528239766490868
06,2021-03-01,27 day ahead inc case,2021-03-28,quantile,0.15,28.288698852580264
06,2021-03-01,27 day ahead inc case,2021-03-28,quantile,0.2,113.23572229993765
06,2021-03-01,27 day ahead inc case,2021-03-28,quantile,0.25,246.40072918224814
06,2021-03-01,27 day ahead inc case,2021-03-28,quantile,0.3,436.4118149401163
06,2021-03-01,27 day ahead inc case,2021-03-28,quantile,0.35,696.5769501774149
06,2021-03-01,27 day ahead inc case,2021-03-28,quantile,0.4,1185.5276228622379
06,2021-03-01,27 day ahead inc case,2021-03-28,quantile,0.45,1628.226184441798
06,2021-03-01,27 day ahead inc case,2021-03-28,quantile,0.5,2308.253603510859
06,2021-03-01,27 day ahead inc case,2021-03-28,quantile,0.55,3183.8054901741652
06,2021-03-01,27 day ahead inc case,2021-03-28,quantile,0.6,4442.82710886272
06,2021-03-01,27 day ahead inc case,2021-03-28,quantile,0.65,5985.040460640113
06,2021-03-01,27 day ahead inc case,2021-03-28,quantile,0.7,8145.292508621712
06,2021-03-01,27 day ahead inc case,2021-03-28,quantile,0.75,11777.649878250517
06,2021-03-01,27 day ahead inc case,2021-03-28,quantile,0.8,15921.924738924065
06,2021-03-01,27 day ahead inc case,2021-03-28,quantile,0.85,20805.860216787347
06,2021-03-01,27 day ahead inc case,2021-03-28,quantile,0.9,28949.56483869153
06,2021-03-01,27 day ahead inc case,2021-03-28,quantile,0.95,45561.57456865234
06,2021-03-01,27 day ahead inc case,2021-03-28,quantile,0.975,68817.35361421434
06,2021-03-01,27 day ahead inc case,2021-03-28,quantile,0.99,88103.77258131714
06,2021-03-01,28 day ahead inc case,2021-03-29,quantile,0.01,0.0
06,2021-03-01,28 day ahead inc case,2021-03-29,quantile,0.025,0.0
06,2021-03-01,28 day ahead inc case,2021-03-29,quantile,0.05,0.0
06,2021-03-01,28 day ahead inc case,2021-03-29,quantile,0.1,0.49151910800786874
06,2021-03-01,28 day ahead inc case,2021-03-29,quantile,0.15,17.778850587591975
06,2021-03-01,28 day ahead inc case,2021-03-29,quantile,0.2,99.5877675716619
06,2021-03-01,28 day ahead inc case,2021-03-29,quantile,0.25,225.9185666127849
06,2021-03-01,28 day ahead inc case,2021-03-29,quantile,0.3,467.9787124069336
06,2021-03-01,28 day ahead inc case,2021-03-29,quantile,0.35,719.1995619017507
06,2021-03-01,28 day ahead inc case,2021-03-29,quantile,0.4,1056.0619616847825
06,2021-03-01,28 day ahead inc case,2021-03-29,quantile,0.45,1584.1313545629482
06,2021-03-01,28 day ahead inc case,2021-03-29,quantile,0.5,2314.1538144920755
06,2021-03-01,28 day ahead inc case,2021-03-29,quantile,0.55,3001.2141825451117
06,2021-03-01,28 day ahead inc case,2021-03-29,quantile,0.6,4273.167559610181
06,2021-03-01,28 day ahead inc case,2021-03-29,quantile,0.65,5764.111564314118
06,2021-03-01,28 day ahead inc case,2021-03-29,quantile,0.7,7889.902952376296
06,2021-03-01,28 day ahead inc case,2021-03-29,quantile,0.75,11219.590891694286
06,2021-03-01,28 day ahead inc case,2021-03-29,quantile,0.8,16568.692123517212
06,2021-03-01,28 day ahead inc case,2021-03-29,quantile,0.85,21990.46347210232
06,2021-03-01,28 day ahead inc case,2021-03-29,quantile,0.9,30321.88789561313
06,2021-03-01,28 day ahead inc case,2021-03-29,quantile,0.95,47102.05165249759
06,2021-03-01,28 day ahead inc case,2021-03-29,quantile,0.975,73544.00505225237
06,2021-03-01,28 day ahead inc case,2021-03-29,quantile,0.99,103382.42961732166
